,PM2.5,PM10,NO2,CO,SO2,O3_8h
0,12.682445,31.079264,23.544659,0.30944183,2.1849627,62.375626
1,1.0743645,53.408382,25.006746,0.42990845,5.3058653,61.580063
2,2.2688837,72.04498,27.527678,0.40559348,8.002511,59.253403
3,3.6573088,86.77008,29.391254,0.40343273,10.354192,58.18644
4,5.399149,98.10068,31.13414,0.39856791,12.243653,58.27007
5,7.0466003,107.54233,32.5276,0.39395517,13.796466,58.96251
6,8.572169,115.49286,33.663105,0.39006585,15.096463,59.948395
7,9.95378,122.30631,34.577736,0.38732272,16.20949,61.043026
8,11.1938,128.2412,35.33069,0.38520375,17.177528,62.16435
9,12.305199,133.48216,35.962105,0.38340408,18.03009,63.265377
10,13.303076,138.16449,36.50165,0.3817289,18.78818,64.32161
11,14.201465,142.39027,36.969414,0.38007244,19.467478,65.321075
12,15.01314,146.23752,37.379536,0.37837386,20.080036,66.259155
13,15.749291,149.76657,37.7423,0.37659958,20.635324,67.13551
14,16.419516,153.02492,38.065456,0.3747325,21.140944,67.9523
15,17.031975,156.05046,38.355064,0.37276617,21.603094,68.71299
16,17.59363,158.8738,38.61594,0.37070101,22.026924,69.421646
17,18.110374,161.51997,38.85199,0.36854202,22.416765,70.08254
18,18.587269,164.00961,39.066425,0.36629656,22.776304,70.69981
19,19.02865,166.35995,39.26193,0.36397356,23.10871,71.277405
20,19.43825,168.58548,39.440727,0.36158252,23.41674,71.81898
21,19.81931,170.69849,39.604733,0.35913303,23.7028,72.327896
22,20.174656,172.70944,39.75557,0.35663453,23.969011,72.80718
23,20.506748,174.62743,39.894634,0.35409573,24.21724,73.25957
24,20.81776,176.46034,40.023148,0.35152498,24.449144,73.687485
25,21.109602,178.21504,40.14216,0.3489299,24.66621,74.09313
26,21.383972,179.89757,40.25261,0.3463176,24.86975,74.47845
27,21.64237,181.51332,40.3553,0.3436944,25.060942,74.84517
28,21.886154,183.06711,40.450962,0.34106588,25.240852,75.19486
29,22.116528,184.56311,40.540237,0.33843738,25.410439,75.5289
30,22.334572,186.00526,40.623695,0.33581328,25.570547,75.848526
31,22.54127,187.397,40.70184,0.33319765,25.721966,76.15486
32,22.737495,188.7415,40.775135,0.3305941,25.865387,76.44888
33,22.924055,190.04166,40.843987,0.3280055,26.001446,76.73149
34,23.10167,191.30005,40.90877,0.32543457,26.130718,77.003494
35,23.270998,192.5191,40.96981,0.32288378,26.253725,77.265625
36,23.432648,193.70111,41.027412,0.32035494,26.370941,77.51855
37,23.587173,194.84804,41.081856,0.31784967,26.482796,77.762856
38,23.735062,195.9618,41.13338,0.3153695,26.589684,77.99909
39,23.87678,197.0442,41.182217,0.3129155,26.69196,78.22777
40,24.01275,198.09685,41.228565,0.31048843,26.78995,78.44932
41,24.143366,199.12128,41.272606,0.30808917,26.883957,78.66417
42,24.26898,200.11888,41.314518,0.30571815,26.974253,78.87271
43,24.389921,201.09099,41.35445,0.3033757,27.061085,79.075294
44,24.506483,202.03886,41.392555,0.30106217,27.144688,79.27226
45,24.618952,202.96368,41.428955,0.29877758,27.22527,79.4639
46,24.727589,203.8665,41.46377,0.29652202,27.303026,79.65048
47,24.83263,204.74841,41.497105,0.29429528,27.378134,79.83228
48,24.934296,205.61034,41.529076,0.2920972,27.450764,80.009544
49,25.032787,206.4532,41.559753,0.28992778,27.52106,80.182495
50,25.128307,207.27786,41.589233,0.28778648,27.589172,80.35134
51,25.221018,208.08517,41.617603,0.28567296,27.65522,80.51628
52,25.311085,208.87589,41.644917,0.28358665,27.719332,80.67752
53,25.398663,209.65073,41.67125,0.28152734,27.781618,80.83521
54,25.483896,210.41039,41.696667,0.2794944,27.84218,80.989525
55,25.56691,211.15555,41.721214,0.27748734,27.901117,81.14062
56,25.647842,211.88678,41.744957,0.27550554,27.958513,81.28865
57,25.726791,212.60475,41.767933,0.27354866,28.01446,81.43374
58,25.803873,213.31003,41.7902,0.2716159,28.069035,81.57603
59,25.879192,214.00307,41.81179,0.26970673,28.122305,81.71564
60,25.95283,214.68446,41.832745,0.26782066,28.17434,81.852684
61,26.024883,215.3547,41.853096,0.26595682,28.225208,81.98728
62,26.095432,216.01418,41.87289,0.26411498,28.274963,82.11954
63,26.164558,216.66339,41.892143,0.2622942,28.323664,82.249535
64,26.232334,217.30276,41.9109,0.26049408,28.371363,82.37741
65,26.298826,217.93274,41.929173,0.25871396,28.41811,82.50322
66,26.364103,218.55362,41.946995,0.25695312,28.463953,82.62707
67,26.428217,219.16585,41.96439,0.25521123,28.508936,82.74902
68,26.49123,219.76979,41.981384,0.25348753,28.5531,82.86918
69,26.553204,220.3658,41.997986,0.25178134,28.596481,82.98762
70,26.614185,220.95415,42.014225,0.25009194,28.639118,83.10438
71,26.67422,221.53522,42.030125,0.24841914,28.681047,83.21957
72,26.733356,222.10925,42.04569,0.24676222,28.722301,83.33324
73,26.791632,222.67659,42.06095,0.24512061,28.762909,83.44545
74,26.8491,223.2375,42.0759,0.24349368,28.802904,83.556274
75,26.905792,223.79227,42.090576,0.24188104,28.842312,83.665764
76,26.961744,224.34117,42.104984,0.24028206,28.88116,83.77399
77,27.016996,224.88443,42.11914,0.23869598,28.919476,83.88096
78,27.071587,225.4223,42.133045,0.23712267,28.957283,83.98678
79,27.125544,225.95502,42.14672,0.23556148,28.994604,84.09148
80,27.178892,226.48286,42.16018,0.23401189,29.031462,84.19511
81,27.23167,227.00595,42.173428,0.23247331,29.067879,84.29773
82,27.283895,227.52463,42.18647,0.23094547,29.103876,84.39937
83,27.335611,228.03899,42.19932,0.22942767,29.13947,84.50008
84,27.386837,228.5493,42.211998,0.22791955,29.17468,84.5999
85,27.43759,229.05579,42.224495,0.22642061,29.209526,84.69888
86,27.487906,229.55858,42.236828,0.2249304,29.244022,84.79705
87,27.537804,230.05785,42.249,0.22344846,29.27819,84.894455
88,27.587305,230.55386,42.261024,0.22197445,29.312046,84.991135
89,27.636433,231.04672,42.272903,0.2205078,29.345598,85.08713
90,27.685205,231.5367,42.28464,0.21904822,29.378868,85.182465
91,27.733652,232.02386,42.29626,0.21759506,29.411867,85.27717
92,27.781776,232.50844,42.307747,0.21614797,29.444609,85.37129
93,27.829618,232.99057,42.319122,0.21470667,29.47711,85.46487
94,27.87719,233.4704,42.33038,0.21327059,29.509382,85.55792
95,27.924498,233.9481,42.341534,0.21183935,29.541435,85.6505
96,27.971561,234.42383,42.352585,0.21041264,29.573284,85.7426
97,28.018414,234.89769,42.36354,0.20899001,29.604942,85.83428
98,28.065048,235.36989,42.374405,0.20757109,29.636421,85.925575
99,28.1115,235.84058,42.38518,0.20615551,29.667732,86.01651
100,28.157782,236.30984,42.39587,0.20474273,29.698885,86.1071
101,28.203907,236.77785,42.40649,0.20333257,29.729889,86.19739
102,28.249886,237.24477,42.417034,0.20192458,29.760761,86.287384
103,28.295744,237.71071,42.4275,0.20051838,29.791506,86.37713
104,28.34149,238.17584,42.43791,0.19911347,29.822136,86.46666
105,28.387138,238.64027,42.44825,0.19770959,29.852657,86.555984
106,28.432716,239.10416,42.458538,0.19630627,29.883087,86.64514
107,28.47822,239.56761,42.46878,0.19490314,29.913431,86.734146
108,28.523674,240.03076,42.478966,0.19350004,29.943699,86.82304
109,28.569084,240.49373,42.48911,0.19209637,29.9739,86.91184
110,28.61448,240.95668,42.499207,0.19069172,30.004044,87.00058
111,28.659855,241.41974,42.50926,0.18928589,30.03414,87.08927
112,28.70523,241.883,42.519283,0.18787839,30.064198,87.17794
113,28.75063,242.34666,42.529274,0.18646888,30.094221,87.26663
114,28.796059,242.81082,42.539238,0.1850569,30.12423,87.35537
115,28.84154,243.27559,42.549175,0.18364227,30.154226,87.44416
116,28.887075,243.74112,42.559086,0.18222433,30.18422,87.533035
117,28.932682,244.20755,42.568977,0.180803,30.21422,87.622025
118,28.978382,244.67499,42.578854,0.17937753,30.244228,87.71115
119,29.024176,245.14362,42.58871,0.17794774,30.274265,87.800446
120,29.07008,245.61353,42.59856,0.17651317,30.304335,87.88993
121,29.11612,246.08487,42.6084,0.17507336,30.334446,87.97963
122,29.162298,246.5578,42.618237,0.17362793,30.364607,88.06957
123,29.208632,247.03242,42.62808,0.1721767,30.394829,88.15978
124,29.255138,247.50888,42.637917,0.17071903,30.42512,88.25029
125,29.30183,247.98737,42.647762,0.1692545,30.455486,88.34113
126,29.34873,248.46796,42.657608,0.16778259,30.48594,88.43231
127,29.39584,248.95087,42.667473,0.166303,30.51649,88.52388
128,29.44318,249.4362,42.67734,0.16481529,30.547148,88.61584
129,29.490767,249.9241,42.687233,0.16331884,30.577915,88.708244
130,29.53862,250.41476,42.69714,0.16181329,30.608809,88.80111
131,29.586748,250.90831,42.707073,0.16029817,30.639832,88.89446
132,29.635166,251.40489,42.717033,0.158773,30.671,88.988335
133,29.683893,251.9047,42.727016,0.15723735,30.70232,89.08277
134,29.732948,252.40794,42.73703,0.15569055,30.733805,89.17779
135,29.782356,252.91472,42.747078,0.15413214,30.765463,89.27342
136,29.832125,253.42522,42.757164,0.15256152,30.7973,89.369705
137,29.882275,253.93964,42.767296,0.15097818,30.829336,89.466675
138,29.932816,254.45813,42.777473,0.1493817,30.861574,89.564354
139,29.983778,254.98091,42.787693,0.14777133,30.894032,89.66277
140,30.035175,255.50813,42.797962,0.14614666,30.92671,89.761986
141,30.087034,256.04007,42.80829,0.14450695,30.959627,89.86202
142,30.139376,256.57684,42.81867,0.14285147,30.992794,89.962906
143,30.192213,257.11874,42.82911,0.1411797,31.026224,90.0647
144,30.245571,257.66586,42.839615,0.13949119,31.059929,90.16742
145,30.299473,258.21854,42.85019,0.13778503,31.093918,90.27112
146,30.353937,258.77692,42.860836,0.13606039,31.128208,90.37583
147,30.40899,259.34128,42.87156,0.1343168,31.16281,90.48161
148,30.46466,259.91187,42.882355,0.13255328,31.197739,90.588486
149,30.520966,260.48895,42.893238,0.13076915,31.23301,90.696526
150,30.577942,261.07272,42.904205,0.12896375,31.268635,90.80575
151,30.635614,261.6635,42.915264,0.127136,31.30463,90.91622
152,30.69401,262.2616,42.926422,0.12528525,31.34101,91.02799
153,30.75316,262.8672,42.937687,0.12341049,31.377789,91.14112
154,30.813087,263.48068,42.94904,0.12151086,31.414986,91.255646
155,30.873835,264.10233,42.960514,0.11958514,31.452621,91.371635
156,30.93543,264.73242,42.972103,0.11763297,31.490707,91.489136
157,30.997902,265.37134,42.983807,0.115652785,31.529263,91.60822
158,31.061289,266.01944,42.995632,0.11364369,31.568308,91.72894
159,31.125637,266.67706,43.00758,0.11160451,31.60786,91.85137
160,31.19097,267.34457,43.01967,0.109534055,31.647947,91.97557
161,31.257338,268.02234,43.031902,0.107431054,31.688581,92.10161
162,31.324781,268.71082,43.044285,0.1052946,31.72979,92.22956
163,31.393343,269.4104,43.05682,0.1031231,31.771587,92.35952
164,31.463064,270.1215,43.069508,0.100915164,31.814005,92.49154
165,31.533997,270.84464,43.08236,0.09866959,31.857067,92.62571
166,31.606192,271.5802,43.09539,0.096384585,31.900799,92.76213
167,31.679693,272.32874,43.108597,0.09405884,31.945227,92.90088
168,31.754572,273.0908,43.121994,0.0916909,31.990372,93.04205
169,31.830872,273.86685,43.13558,0.08927879,32.036274,93.18575
170,31.90865,274.65756,43.14937,0.08682093,32.082954,93.33207
171,31.987976,275.46344,43.163372,0.08431503,32.13045,93.48113
172,32.068916,276.28516,43.177593,0.08175978,32.1788,93.63303
173,32.151535,277.12338,43.192036,0.07915279,32.22802,93.78789
174,32.23591,277.97873,43.206726,0.07649204,32.27816,93.94583
175,32.322117,278.85196,43.221657,0.07377529,32.329258,94.107
176,32.410236,279.74387,43.236843,0.07100025,32.381344,94.27152
177,32.50035,280.6552,43.252304,0.06816432,32.43447,94.43954
178,32.592556,281.58682,43.268044,0.06526515,32.488674,94.611206
179,32.68694,282.53955,43.28408,0.062299848,32.544003,94.786674
180,32.783607,283.51443,43.30042,0.059265643,32.600502,94.96611
181,32.882668,284.5123,43.31708,0.056159467,32.658226,95.14971
182,32.984222,285.5343,43.334076,0.052978247,32.717228,95.33764
183,33.08839,286.58142,43.351414,0.049718827,32.77756,95.53009
184,33.1953,287.65488,43.36912,0.04637727,32.839287,95.72729
185,33.30509,288.75586,43.3872,0.042950213,32.902466,95.92946
186,33.417904,289.88562,43.405678,0.03943348,32.967155,96.1368
187,33.53387,291.04556,43.424572,0.035823226,33.033436,96.34958
188,33.653168,292.2371,43.443893,0.032114834,33.101376,96.56804
189,33.775963,293.46173,43.463673,0.02830401,33.171055,96.79247
190,33.90243,294.72104,43.483932,0.024385542,33.24255,97.02317
191,34.03276,296.01678,43.5047,0.02035448,33.31595,97.26044
192,34.167168,297.35077,43.525978,0.016205162,33.391346,97.50459
193,34.30587,298.72485,43.547813,0.011931896,33.468834,97.756004
194,34.449078,300.14117,43.570225,0.007528633,33.548515,98.01502
195,34.597073,301.60187,43.593243,0.0029883385,33.630497,98.28206
196,34.75012,303.10928,43.6169,-0.0016955435,33.714897,98.55753
197,34.908493,304.66586,43.64123,-0.0065304637,33.801834,98.8419
198,35.072514,306.27426,43.666275,-0.011524439,33.891445,99.135635
199,35.242504,307.93732,43.69207,-0.016685694,33.98387,99.43925
200,35.418827,309.65805,43.718655,-0.02202326,34.079254,99.75331
201,35.601868,311.43967,43.746075,-0.027546674,34.177753,100.07841
202,35.79205,313.28558,43.774372,-0.033266395,34.279537,100.41517
203,35.98981,315.19962,43.80361,-0.039193064,34.38479,100.7643
204,36.195644,317.1856,43.833847,-0.045338333,34.493702,101.1265
205,36.410065,319.2479,43.86513,-0.05171442,34.606476,101.50258
206,36.63365,321.39105,43.89754,-0.058335036,34.723343,101.893394
207,36.867023,323.62006,43.931145,-0.06521422,34.84453,102.29986
208,37.11085,325.94022,43.96602,-0.07236737,34.9703,102.722946
209,37.365883,328.35724,44.002254,-0.07981077,35.10092,103.16376
210,37.632904,330.87735,44.039932,-0.087561935,35.236694,103.62344
211,37.91281,333.50717,44.079174,-0.095639944,35.377934,104.103264
212,38.206547,336.25397,44.12008,-0.104065,35.524982,104.6046
213,38.515156,339.12555,44.16278,-0.11285874,35.678204,105.12892
214,38.83981,342.13046,44.207417,-0.122044384,35.837997,105.677864
215,39.181767,345.27786,44.254135,-0.13164753,36.004795,106.2532
216,39.542442,348.57773,44.303104,-0.14169514,36.179058,106.85684
217,39.92337,352.04095,44.35451,-0.15221599,36.361298,107.490906
218,40.326267,355.67932,44.40858,-0.1632419,36.55205,108.15771
219,40.753014,359.50568,44.46554,-0.17480609,36.75192,108.859764
220,41.205734,363.53412,44.525654,-0.18694487,36.96153,109.5999
221,41.686775,367.7799,44.58923,-0.19969729,37.1816,110.381134
222,42.19874,372.2598,44.6566,-0.213105,37.412876,111.206856
223,42.744564,376.99203,44.728153,-0.22721282,37.656193,112.080795
224,43.327522,381.9966,44.80433,-0.24206856,37.91245,113.00706
225,43.9513,387.29538,44.885624,-0.25772366,38.182617,113.99021
226,44.62004,392.91226,44.97262,-0.274233,38.467777,115.0353
227,45.338398,398.87357,45.065983,-0.29165426,38.769093,116.147934
228,46.111668,405.20798,45.166466,-0.31004956,39.087837,117.33435
229,46.94583,411.94702,45.27497,-0.32948342,39.425404,118.601456
230,47.847683,419.12503,45.392532,-0.35002366,39.783306,119.95703
231,48.824944,426.7801,45.520355,-0.37174037,40.163208,121.40968
232,49.88648,434.95334,45.659866,-0.3947064,40.56692,122.96905
233,51.04236,443.69003,45.81272,-0.41899428,40.996407,124.645905
234,52.304157,453.03955,45.980896,-0.44467655,41.45383,126.452286
235,53.685143,463.0557,46.16671,-0.4718229,41.94153,128.40167
236,55.2006,473.7968,46.372925,-0.5004982,42.462048,130.50916
237,56.86811,485.32617,46.602814,-0.5307579,43.018143,132.79153
238,58.70798,497.7121,46.86029,-0.56264484,43.612812,135.26762
239,60.74364,511.0277,47.149998,-0.59618175,44.24927,137.95834
240,63.002174,525.3511,47.47747,-0.6313652,44.931,140.88693
241,65.51488,540.7646,47.849304,-0.6681564,45.6617,144.07913
242,68.31795,557.35455,48.273346,-0.7064686,46.44534,147.56325
243,71.45309,575.2102,48.75889,-0.74615407,47.286102,151.3702
244,74.968414,594.4225,49.316902,-0.7869879,48.18842,155.53357
245,78.91922,615.08203,49.960266,-0.82864964,49.156887,160.08928
246,83.3688,637.27704,50.703987,-0.8707017,50.196274,165.07521
247,88.38927,661.09064,51.56532,-0.91256535,51.311462,170.53065
248,94.06227,686.5972,52.56391,-0.9534992,52.507385,176.49522
249,100.47944,713.8589,53.72166,-0.992574,53.788902,183.00742
250,107.742584,742.9209,55.062534,-1.0286536,55.160736,190.10269
251,115.96327,773.8073,56.611965,-1.0603803,56.62731,197.81097
252,125.261696,806.51575,58.395954,-1.0861698,58.19255,206.15344
253,135.76439,841.01245,60.439743,-1.1042186,59.85962,215.1386
254,147.6007,877.2274,62.76598,-1.112532,61.630672,224.75783
255,160.89735,915.0495,65.392555,-1.108972,63.506428,234.98004
256,175.7713,954.32117,68.32996,-1.0913326,65.48578,245.74638
257,192.31996,994.8352,71.57864,-1.0574428,67.56529,256.96512
258,210.61023,1036.3312,75.1265,-1.0053039,69.73877,268.50742
259,230.6653,1078.4943,78.947105,-0.93324053,71.99677,280.2054
260,252.45184,1120.9583,82.99901,-0.84008515,74.32639,291.8543
261,275.86807,1163.3116,87.226685,-0.72535264,76.71113,303.2193
262,300.7349,1205.1095,91.56334,-0.5894053,79.13104,314.04907
263,326.79187,1245.8896,95.93545,-0.43358114,81.56327,324.0954
264,353.69897,1285.1932,100.26858,-0.26025876,83.98275,333.13748
265,381.04495,1322.5868,104.49322,-0.07283607,86.363235,341.00687
266,408.36383,1357.6819,108.549904,0.124390796,88.678505,347.60803
267,435.15866,1390.154,112.391945,0.3264671,90.90358,352.92935
268,460.9335,1419.7572,115.9858,0.5281222,93.01606,357.04083
269,485.23026,1446.3344,119.309265,0.72419405,94.99702,360.0785
270,507.66635,1469.8242,122.34874,0.9100627,96.83195,362.21933
271,527.96436,1490.262,125.09685,1.0820253,98.51121,363.65393
272,545.96924,1507.7726,127.5512,1.2375273,100.0301,364.5624
273,561.6477,1522.5562,129.7145,1.3752235,101.3887,365.09888
274,575.073,1534.8687,131.59508,1.4948794,102.59123,365.38474
275,586.39905,1544.997,133.20721,1.5971527,103.6453,365.5092
276,595.83203,1553.2391,134.57074,1.683335,104.56103,365.5342
277,603.6034,1559.8842,135.70958,1.7550921,105.35015,365.50116
278,609.9483,1565.2008,136.65016,1.8142456,106.025246,365.4364
279,615.0907,1569.4277,137.41954,1.8626128,106.599014,365.35635
280,619.2342,1572.7716,138.04375,1.901902,107.08385,365.2711
281,622.557,1575.4072,138.54686,1.9336511,107.49143,365.1865
282,625.2126,1577.4786,138.95026,1.9592015,107.8325,365.10608
283,627.32886,1579.1034,139.27237,1.9796987,108.11673,365.03162
284,629.0121,1580.3763,139.52878,1.9961017,108.35277,364.9641
285,630.349,1581.3726,139.73245,2.0092053,108.54814,364.90387
286,631.40967,1582.153,139.89397,2.0196586,108.70939,364.8507
287,632.2508,1582.7633,140.02194,2.0279894,108.84213,364.8043
288,632.91754,1583.2412,140.12325,2.0346253,108.95116,364.76404
289,633.44604,1583.6158,140.20345,2.0399084,109.0405,364.72946
290,633.8649,1583.9094,140.26689,2.0441132,109.11359,364.7
291,634.19696,1584.1396,140.31711,2.0474606,109.17327,364.675
292,634.4603,1584.3207,140.35686,2.050124,109.22194,364.65393
293,634.6692,1584.4628,140.38835,2.0522442,109.26156,364.6362
294,634.8349,1584.5745,140.41328,2.0539317,109.29377,364.62137
295,634.96655,1584.6625,140.43304,2.0552757,109.31993,364.609
296,635.07104,1584.7317,140.44872,2.0563457,109.341156,364.5988
297,635.15405,1584.7866,140.46117,2.0571983,109.35835,364.5903
298,635.2201,1584.8296,140.47105,2.0578778,109.372284,364.58328
299,635.2726,1584.8638,140.47888,2.0584197,109.383545,364.57758
