,PM2.5_pred,PM2.5_real,PM10_pred,PM10_real,NO2_pred,NO2_real,CO_pred,CO_real,SO2_pred,SO2_real,O3_8h_pred,O3_8h_real
0,256.2695,251.99999999999997,281.4997,284.0,107.231865,104.00000000000001,3.5209181,3.6,17.818731,18.0,15.537968,17.0
1,22.52021,16.0,30.205149,26.0,10.845694,12.0,0.574527,0.6,3.4280305,3.0,68.195114,71.0
2,24.415594,22.0,42.267853,40.0,16.269505,18.0,0.58214545,0.6,2.6795669,2.0,159.52313,159.0
3,15.547201,14.0,20.479109,18.0,17.42524,17.0,0.47779316,0.5,2.911513,3.0,55.669193,55.0
4,38.825592,43.0,54.10624,47.0,29.67423,28.0,0.61458135,0.6,1.710407,2.0,59.48228,59.0
5,101.51816,109.0,84.371056,76.0,36.162113,30.0,1.2282381,1.4,6.576428,7.0,66.906624,66.0
6,5.412057,10.0,31.874752,26.0,15.217795,16.0,0.4161435,0.4,2.437512,2.0,112.07454,111.0
7,53.59659,60.0,94.33616,88.00000000000001,38.680477,38.99999999999999,0.73644316,0.7,6.992893,7.0,159.18343,157.0
8,133.32378,141.0,89.19505,77.0,48.560997,46.0,1.7429397,1.7,14.4485,16.0,129.08778,130.0
9,158.14554,188.0,303.0937,263.0,44.312794,37.0,1.259952,1.0,50.92645,53.0,80.83414,74.0
10,4.886561,5.0,16.397907,17.0,19.294546,19.0,0.21965876,0.2,1.8666031,2.0,79.070435,80.0
11,14.641379,14.0,24.017885,23.0,22.541718,20.0,0.3811642,0.4,1.4557252,2.0,60.1503,59.0
12,179.60936,175.0,162.13788,168.0,87.37647,86.0,2.7888832,2.9,6.196681,6.0,7.661211,11.0
13,117.70319,120.0,143.47174,139.0,37.41953,30.0,1.1459944,1.3,2.1839995,2.0,223.26799,217.0
14,102.54293,117.0,124.79756,109.0,56.02865,56.0,1.0869981,0.9,2.125071,3.0,76.14271,77.0
15,71.42463,76.0,83.02446,77.0,48.320698,48.99999999999999,0.97942746,0.9,2.3876996,3.0,108.51329,110.0
16,79.93022,82.0,105.47294,102.0,34.502254,33.0,0.82730055,0.8,2.688902,3.0,170.03857,168.00000000000003
17,36.91703,34.0,64.86098,65.0,43.932785,48.99999999999999,0.8542386,0.8,9.396408,9.0,37.5643,39.0
18,115.731834,124.00000000000001,193.73627,179.0,75.94819,80.0,1.443011,1.2,20.573343,21.0,112.85944,116.0
19,51.84255,47.0,99.07355,97.99999999999999,50.725117,52.00000000000001,1.188248,1.3,28.508272,29.0,54.340458,56.0
20,23.527845,22.0,25.153358,20.0,25.145237,31.0,0.544161,0.4,2.864893,2.0,56.836372,59.0
21,13.265946,9.0,13.782317,14.0,12.050812,12.0,0.30148822,0.3,5.28373,5.0,65.82253,68.0
22,19.653757,22.0,27.596693,23.0,24.005508,22.0,0.47089168,0.5,1.6623763,2.0,70.11603,69.0
23,7.6404896,8.0,20.716333,14.0,13.683028,6.0,0.092526555,0.2,1.6146262,2.0,68.08954,69.0
24,247.11494,242.00000000000003,266.1784,271.0,116.6896,119.0,3.517866,3.4,5.2160673,6.0,5.0461693,12.000000000000002
25,49.917534,57.0,47.926693,38.0,21.245758,19.0,0.8269313,0.8,2.3510256,3.0,92.10721,92.0
26,81.08904,93.0,78.22042,64.0,56.692135,58.99999999999999,1.1715498,1.0,1.4640409,2.0,10.370679,5.0
27,43.07547,39.0,98.67,100.00000000000001,22.751478,23.0,0.4948517,0.6,3.861028,3.0,170.5168,172.0
28,24.84005,26.0,39.177864,37.0,28.492233,24.0,0.37523904,0.5,3.1533382,3.0,65.31281,67.0
29,101.94158,103.0,170.19194,158.0,62.32667,67.0,1.1853223,1.0,18.765577,19.0,199.57892,200.0
30,74.29848,75.0,112.01104,113.0,73.09291,79.0,1.5719178,1.5,14.689272,14.0,16.615988,17.0
31,51.55429,52.0,93.17959,87.0,43.36735,43.0,0.734035,0.8,3.0650585,3.0,32.594925,30.0
32,131.92188,124.00000000000001,140.81465,151.0,92.07416,92.0,2.8274305,3.0,49.98536,49.0,9.538934,11.0
33,48.28585,47.0,75.927734,75.0,38.899593,41.0,0.78368604,0.8,5.7898035,5.0,63.69474,66.0
34,46.391045,45.0,69.792984,72.0,32.50836,34.0,0.6117971,0.6,2.3937624,2.0,212.85881,213.00000000000003
35,23.510328,22.0,97.968056,92.0,9.815262,9.0,0.2497649,0.3,3.9893987,3.0,96.18215,97.0
36,64.198494,59.0,116.97208,114.0,36.65578,38.0,0.7302753,0.8,3.5526178,3.0,196.0643,196.0
37,65.99186,67.0,182.6768,173.0,51.11188,55.0,0.7733391,0.7,16.439232,16.0,97.28274,100.0
38,108.41015,116.0,189.50134,180.0,61.383377,64.0,1.1679566,1.0,3.0879307,3.0,46.39077,48.00000000000001
39,429.12543,376.0,345.52148,415.0,154.28516,135.0,6.733958,8.0,9.334136,8.0,9.98762,6.000000000000001
40,64.77254,67.0,92.127625,88.00000000000001,47.508472,50.0,0.90078604,0.8,4.6632605,5.0,87.36577,91.0
41,93.686195,103.0,70.22158,60.99999999999999,32.333897,30.0,1.0721172,1.0,1.116221,2.0,87.10956,88.99999999999999
42,181.8412,178.0,167.65001,177.0,97.81926,95.0,3.181267,3.3,39.764313,39.0,28.044964,30.0
43,90.089355,91.0,152.50261,144.0,47.26401,47.0,0.89418554,0.9,4.0201206,4.0,92.41207,95.0
44,16.119184,20.0,47.42929,47.0,38.211998,40.0,0.47881272,0.4,3.0720415,3.0,40.454605,38.0
45,28.954678,29.0,62.865944,65.0,43.801838,45.0,0.68241626,0.7,6.434586,6.0,31.110092,28.0
46,21.993025,25.0,69.59373,64.0,41.087208,43.0,0.5870597,0.6,11.043661,11.0,91.27005,92.0
47,104.872215,102.0,127.64529,126.0,72.78808,70.0,2.3258648,2.5,59.098938,59.0,11.712618,10.0
48,38.102886,39.0,83.39575,81.0,54.93123,61.0,0.8383284,0.7,4.380825,4.0,19.014858,18.0
49,72.50013,70.0,123.84981,124.0,34.581264,31.0,0.7662027,0.9,11.453145,11.0,266.69806,262.0
50,32.336586,30.0,93.11728,94.0,46.294594,53.0,0.6652746,0.6,6.1667166,5.0,92.80117,97.0
51,31.210936,26.0,132.90257,132.0,24.198118,24.0,0.21865366,0.3,3.12573,2.0,63.136368,64.0
52,20.247437,18.0,50.573727,42.99999999999999,28.217314,27.0,0.34623128,0.4,2.2961164,2.0,62.451256,63.0
53,31.709301,27.0,54.108448,53.0,41.033085,43.0,0.8184698,0.9,10.508781,10.0,57.280643,59.0
54,30.435312,28.0,75.53593,75.0,29.464897,29.0,0.4531032,0.5,2.4636874,2.0,51.019276,51.0
55,13.910939,15.0,32.500526,26.0,26.647701,22.0,0.27632675,0.4,2.2594383,2.0,70.046455,71.0
56,78.067566,73.0,117.5759,118.0,33.189312,34.0,0.88618815,0.9,3.6369417,3.0,195.38931,194.0
57,13.334094,14.0,35.410492,31.0,19.08518,20.0,0.41923672,0.4,2.185826,2.0,111.371925,112.0
58,45.37274,45.0,66.27478,60.0,49.181873,50.0,1.2076705,1.2,28.953918,30.0,35.395756,35.0
59,21.974554,21.0,63.812622,56.0,38.103596,38.99999999999999,0.46629065,0.5,2.5001016,2.0,54.0567,53.0
60,9.466633,10.0,30.978,28.0,18.771402,21.000000000000004,0.37144127,0.3,3.0568817,3.0,121.73344,124.0
61,17.088882,14.0,34.491673,33.0,23.305609,24.0,0.4723921,0.5,2.3416753,2.0,68.97514,70.0
62,34.45367,36.0,66.89424,66.0,43.402237,45.0,0.584525,0.5,2.918679,3.0,40.68036,40.0
63,40.09479,38.0,94.96033,90.0,27.718872,26.000000000000004,0.66213727,0.8,7.0576262,7.0,123.99226,123.0
64,79.43087,83.0,99.54385,97.99999999999999,63.16473,63.0,1.5620515,1.6,29.355967,30.0,50.03225,50.0
65,-4.2830915,0.0,5.682227,0.0,11.346439,10.0,0.27106994,0.2,1.7224594,2.0,81.138,80.0
66,23.011248,20.0,73.377556,72.0,15.686537,16.0,0.36077958,0.4,3.9424808,3.0,84.46956,87.0
67,45.39065,45.0,95.19884,95.0,61.2576,68.0,0.99836075,0.9,4.5754037,4.0,35.412277,37.0
68,100.03521,101.0,137.41104,135.0,70.502144,74.0,1.5705585,1.5,2.737863,3.0,6.3617806,8.0
69,17.885002,16.0,29.798668,29.0,25.438751,26.000000000000004,0.40420866,0.4,2.1740265,2.0,93.712204,97.0
70,13.749768,11.0,21.431276,21.0,18.04903,18.0,0.42086035,0.4,1.8293607,2.0,80.11748,82.0
71,80.99584,79.0,101.75226,100.00000000000001,41.562263,42.00000000000001,0.91021454,0.9,3.7958615,4.0,171.21028,172.0
72,119.2461,129.0,160.1823,148.0,54.43376,53.0,1.4695615,1.4,21.036854,22.0,78.1582,79.0
73,61.226513,62.00000000000001,92.96334,88.00000000000001,53.502174,57.0,0.99230766,0.9,4.829011,5.0,61.74362,65.0
74,-0.26386487,5.0,21.257027,15.0,13.504915,17.0,0.36500674,0.2,2.4034917,2.0,126.61906,126.99999999999999
75,17.314379,19.0,29.373957,23.0,31.957352,32.0,0.61313677,0.6,14.958137,16.0,62.035027,62.0
76,8.38035,6.0,28.941278,28.0,13.105828,14.0,0.24645668,0.2,3.2009938,3.0,86.49237,88.99999999999999
77,9.954352,12.0,37.29062,30.0,26.002396,26.000000000000004,0.41809446,0.4,3.4508486,3.0,61.32414,61.00000000000001
78,151.02141,159.0,187.84114,168.0,58.031662,58.0,1.523883,1.4,10.29293,10.0,237.19965,232.0
79,23.299969,19.0,26.816628,26.0,11.914099,12.0,0.5776255,0.6,3.237355,3.0,104.47932,107.0
80,24.567884,26.0,42.707363,39.0,27.359058,28.0,0.44761723,0.4,3.06048,3.0,91.546295,95.0
81,46.585407,43.0,55.1305,50.00000000000001,24.295176,25.0,0.9143187,1.0,2.534613,2.0,112.77601,114.0
82,68.8615,78.0,122.14359,111.0,34.719353,31.0,0.837047,0.8,22.44806,24.0,76.72125,77.0
83,83.09699,80.0,94.26176,97.99999999999999,47.56193,45.0,1.1551529,1.3,2.6638393,2.0,17.140236,14.0
84,87.33289,90.0,113.23421,112.0,68.05325,73.0,1.5178605,1.4,8.069672,8.0,21.939869,24.000000000000004
85,279.10562,266.0,278.01263,299.0,126.52689,124.0,4.4134874,4.6,36.26497,35.0,15.497085,16.0
86,79.52603,81.0,142.5807,134.0,45.664795,46.0,0.9245186,0.9,11.999001,12.0,175.28723,175.00000000000003
87,15.893579,12.0,88.15725,87.0,14.288093,15.0,0.19126292,0.2,3.0377047,2.0,78.247444,80.0
88,2.4738336,5.0,20.316547,14.0,14.366968,14.0,0.28589645,0.2,2.7845857,3.0,79.73144,80.0
89,20.50456,20.0,39.719593,35.0,34.99651,35.0,0.7020384,0.8,15.606426,16.0,66.36508,66.0
90,37.607166,35.0,66.51515,69.0,44.40084,48.99999999999999,0.7117753,0.6,4.060627,4.0,162.66998,166.0
91,24.973543,21.0,47.60619,52.0,24.94346,26.000000000000004,0.604431,0.7,6.636278,6.0,185.098,184.99999999999997
92,74.666985,74.0,84.51503,82.0,36.872177,35.0,0.92429113,1.0,3.7206962,4.0,157.75426,158.0
93,42.134773,43.0,77.98751,76.0,33.309128,36.0,0.5800508,0.5,4.29032,4.0,156.4502,160.0
94,76.60257,81.0,120.085236,120.0,58.03559,62.0,1.0629016,0.9,4.379251,4.0,25.85774,25.0
95,91.30922,104.0,133.86302,117.00000000000001,57.08586,60.0,1.1642302,0.9,15.986324,17.0,123.43519,125.0
96,46.12318,46.0,75.119194,71.0,51.738476,58.0,0.8951974,0.7,2.036012,2.0,17.12149,19.0
97,9.265556,8.0,62.423874,63.0,17.573248,14.0,0.19135787,0.3,6.6319013,6.0,60.08272,58.0
98,212.59004,221.0,256.8373,263.0,120.29437,124.99999999999999,4.1649804,4.0,123.25363,118.0,12.519433,8.0
99,103.90132,84.0,181.23532,171.00000000000003,50.628845,53.0,1.3641999,1.6,37.00026,37.0,303.1726,294.0
100,3.958428,11.0,29.084084,18.0,24.371365,21.000000000000004,0.32858682,0.3,10.168488,11.0,63.234383,61.00000000000001
101,44.062843,41.0,53.050518,60.99999999999999,30.951258,31.0,0.7094023,0.7,2.714671,2.0,224.03307,226.0
102,12.773028,12.0,40.893585,40.0,37.938606,41.0,0.46258107,0.4,3.1246345,3.0,70.914764,72.0
103,4.3736706,9.0,26.725176,22.000000000000004,15.257153,13.000000000000002,0.27847072,0.3,2.0643606,2.0,99.45714,98.0
104,144.80368,150.0,199.0114,182.0,48.90795,44.0,1.3115985,1.3,9.187729,10.0,172.24522,168.00000000000003
105,105.49316,104.0,150.87811,144.0,50.683224,50.0,1.1770575,1.2,12.143923,12.0,246.98134,242.0
106,23.152222,15.0,24.895386,19.0,21.115747,18.0,0.61015725,0.9,2.3780944,2.0,61.89027,61.00000000000001
107,61.617786,61.0,92.277176,92.0,39.87203,40.0,0.9504746,1.0,4.328615,4.0,124.096245,125.0
108,11.449025,11.0,32.588017,31.0,26.256052,27.0,0.3779664,0.3,1.8386974,2.0,50.642525,51.0
109,4.7887673,6.0,21.988707,17.0,14.548892,16.0,0.38794127,0.3,2.9841964,3.0,97.72129,99.0
110,53.861874,53.0,91.553474,89.0,43.015003,45.0,0.8192691,0.8,9.063471,9.0,184.62718,184.99999999999997
111,94.48467,90.0,153.46559,158.0,73.613396,77.99999999999999,1.617101,1.6,9.619602,9.0,4.3836737,6.000000000000001
112,245.2507,243.0,327.2004,313.0,113.142624,119.0,2.888717,2.5,10.925738,12.0,50.37348,58.0
113,118.79146,125.99999999999999,160.42647,149.0,43.00046,41.0,1.091434,1.0,3.1108673,3.0,207.24313,203.0
114,64.021706,61.0,87.6874,92.0,34.76527,33.0,0.8933989,1.0,3.7438037,3.0,223.83493,221.0
115,49.615494,49.0,76.95276,80.0,57.225536,64.0,0.9716141,0.8,3.572178,3.0,4.1185327,0.0
116,18.437191,19.0,60.553745,52.0,39.46793,38.99999999999999,0.43735087,0.5,2.871543,3.0,49.12315,46.0
117,13.60609,10.0,12.071587,11.000000000000002,18.445934,19.0,0.4887701,0.5,3.0022657,3.0,64.27219,65.0
118,34.914955,29.0,84.88517,90.0,47.160717,51.0,0.67988604,0.7,5.713365,5.0,210.90483,213.00000000000003
119,23.863644,20.0,28.085655,34.0,21.197351,19.0,0.51725465,0.6,1.8901539,2.0,121.21544,122.00000000000001
120,91.9294,94.0,139.15524,133.0,40.942593,42.00000000000001,0.9270464,0.9,5.5386944,5.0,186.65912,188.0
121,71.38719,77.0,78.46221,75.0,38.118755,38.99999999999999,0.9846486,0.9,3.1990929,3.0,186.77016,187.0
122,37.124905,40.0,64.257774,62.0,34.681377,36.0,0.6462995,0.6,7.1417146,7.0,59.672268,60.0
123,57.628113,49.0,85.87867,87.0,44.299786,48.99999999999999,1.0779889,1.1,15.364088,15.0,195.36136,197.0
124,116.10438,111.0,112.5219,118.0,65.17764,62.0,1.8155568,2.0,5.136181,5.0,48.28246,52.0
125,15.769211,16.0,43.781807,37.0,11.419649,11.0,0.27978078,0.3,3.5621376,3.0,85.84101,86.0
126,65.163536,65.0,118.487625,113.0,44.003433,44.0,0.9544767,1.0,16.563349,17.0,74.195274,76.0
127,6.351283,6.0,17.061872,16.0,17.305655,15.0,0.3669491,0.4,1.7601724,2.0,78.47045,78.0
128,65.18468,71.0,67.18797,63.0,28.994204,29.0,0.7911607,0.7,3.6307127,4.0,181.875,184.0
129,45.252045,50.0,78.867516,74.0,33.584938,29.0,0.54805213,0.7,3.3672457,3.0,76.3785,77.0
130,16.653769,12.0,27.6753,20.0,24.187014,20.0,0.43474537,0.6,2.5321095,3.0,48.916183,47.0
131,95.55134,103.0,112.66959,106.0,61.698772,66.0,1.3932652,1.2,11.747206,12.0,68.907875,73.0
132,1.744996,5.0,21.961166,17.0,16.639383,15.0,0.39721724,0.4,2.808992,3.0,78.85079,78.0
133,177.64969,159.0,266.20615,275.0,83.16586,80.0,2.3854303,2.7,19.022654,18.0,35.303326,40.0
134,9.8564625,10.0,21.090696,17.0,13.114963,13.000000000000002,0.4194112,0.4,2.9671206,3.0,95.47702,96.00000000000001
135,65.894066,66.0,116.017395,113.0,58.454292,62.0,1.0527924,1.0,10.097223,10.0,82.211006,86.0
136,69.84388,58.0,77.31586,85.0,62.310654,64.0,1.6059059,1.8,18.47365,18.0,32.13379,35.0
137,124.32411,114.0,141.5924,147.0,77.37897,75.0,2.5005898,2.8,40.724976,40.0,13.00482,14.0
138,14.62812,13.0,29.719942,25.000000000000004,26.02595,28.0,0.3672757,0.3,2.0727131,2.0,63.799168,65.0
139,102.48976,110.0,100.33758,92.0,56.425602,56.0,1.40933,1.3,1.9667457,3.0,34.50531,36.0
140,41.272278,46.0,64.85492,57.0,32.637886,31.0,0.69439256,0.7,16.802687,18.0,79.52085,80.0
141,180.29723,200.0,226.96649,206.0,43.519066,31.0,1.4950157,1.6,8.203494,9.0,115.11499,111.0
142,19.354855,17.0,33.15443,34.0,30.154413,30.0,0.41149345,0.4,3.9676557,4.0,47.98941,47.0
143,25.157244,30.0,52.682884,45.0,40.3375,38.99999999999999,0.7102216,0.8,12.858508,13.0,78.11311,78.0
144,32.32397,39.0,58.39144,54.0,22.93366,21.000000000000004,0.38521805,0.4,2.0121615,2.0,151.06943,152.0
145,14.816103,8.0,26.354242,36.0,9.206069,6.0,0.10214281,0.2,2.05071,2.0,62.14191,62.0
146,30.44833,34.0,51.898174,47.0,19.515377,18.0,0.43341514,0.5,3.297493,3.0,96.94251,97.0
147,34.775322,30.0,62.893623,65.0,41.081623,48.0,0.6936765,0.6,3.713076,3.0,165.7977,169.0
148,90.99516,100.0,92.35459,85.0,59.469143,61.0,1.4105171,1.3,5.776821,6.0,57.694588,60.0
149,50.490643,49.0,35.91621,32.0,47.332256,50.0,1.2071636,1.2,8.9714155,9.0,40.836876,43.0
150,35.80393,38.0,43.26695,41.0,25.592834,26.000000000000004,0.64571714,0.6,1.9721992,2.0,78.802605,80.0
151,117.060814,124.00000000000001,113.074356,103.0,62.000492,62.0,1.7017134,1.6,7.698974,9.0,47.81267,50.0
152,28.363247,22.0,33.748405,37.0,10.691098,13.000000000000002,0.6706443,0.7,2.988636,2.0,177.58556,179.0
153,53.74546,55.0,58.697033,53.0,16.781591,18.0,0.80529773,0.8,2.5138226,2.0,185.60559,183.0
154,8.185163,9.0,27.991861,24.0,20.202168,19.0,0.2242113,0.2,2.7195756,3.0,59.675945,58.0
155,33.309853,27.0,40.015125,37.0,28.14881,28.0,0.6514621,0.7,9.656537,10.0,50.05195,51.0
156,129.8356,128.0,184.83025,183.0,64.11678,64.0,1.6665262,1.7,6.6370115,6.0,53.70839,58.0
157,51.017452,44.0,74.454216,76.0,20.553034,19.0,0.61535573,0.8,3.375006,3.0,225.01572,222.0
158,20.707918,24.0,38.78536,28.0,38.588387,38.0,0.7620883,0.7,24.245178,26.0,55.398895,55.0
159,15.191577,17.0,27.334259,25.000000000000004,30.837877,31.0,0.40404767,0.4,4.0666647,4.0,53.024055,53.0
160,59.101948,57.0,133.08736,133.0,57.92072,66.0,0.95835876,0.8,5.3113093,4.0,153.66656,158.0
161,28.978521,29.0,52.61232,54.0,29.524485,29.0,0.5952685,0.6,3.8250809,4.0,93.72257,94.0
162,18.374203,16.0,39.245934,37.0,25.03891,26.000000000000004,0.42306828,0.5,4.724745,4.0,84.64181,85.0
163,33.01602,36.0,62.278297,64.0,35.326546,36.0,0.5835094,0.6,5.2937927,5.0,56.86319,57.0
164,109.85886,112.0,120.58515,120.0,45.932533,42.00000000000001,1.4253333,1.6,9.078126,9.0,62.250065,63.0
165,41.33536,37.0,75.74408,77.0,45.83105,51.0,0.7756281,0.7,4.0136104,3.0,15.11506,13.0
166,34.925507,35.0,60.124874,59.0,25.346659,26.000000000000004,0.61131334,0.6,3.44421,3.0,218.6787,217.0
167,117.053345,115.0,175.26425,164.0,54.63574,56.0,1.2397282,1.2,16.09683,16.0,248.00821,243.0
168,128.02158,148.0,75.52922,57.0,37.21464,34.0,1.4234704,1.2,6.345118,8.0,226.44104,219.0
169,54.72934,51.0,79.33782,80.0,51.28257,58.0,0.94779444,0.8,3.2924078,3.0,165.51918,169.0
170,26.9416,35.0,27.761353,19.0,28.763226,26.000000000000004,0.668247,0.7,3.803785,4.0,87.14199,88.0
171,116.94833,118.0,184.11519,176.00000000000003,78.134285,85.0,1.71806,1.5,12.772729,13.0,18.335192,24.000000000000004
172,16.10546,23.0,69.16906,64.0,38.435028,40.0,0.4167643,0.4,3.6846266,3.0,114.713936,114.99999999999999
173,19.172813,21.0,37.745823,34.0,22.863499,23.0,0.34087256,0.3,2.2507906,2.0,75.52417,77.0
174,7.0185437,17.0,63.482864,57.0,20.534554,20.0,0.22533062,0.2,2.6693282,2.0,95.2317,94.0
175,91.0244,91.0,166.9915,158.0,36.331913,35.0,0.9046216,1.0,4.807093,4.0,78.41476,80.0
176,107.30163,117.0,136.82741,125.0,58.524944,58.0,1.451435,1.4,13.8573885,14.0,98.61563,101.0
177,34.24322,33.0,59.099045,56.0,45.517826,48.0,0.83397025,0.8,8.852042,9.0,54.738594,57.0
178,115.19508,107.0,180.4693,168.0,52.826935,53.0,1.3847345,1.5,25.213614,25.0,239.6374,234.0
179,17.336914,18.0,41.89598,39.0,38.759,42.00000000000001,0.5924303,0.5,2.7872353,3.0,66.76078,68.0
180,56.539352,61.0,106.12512,101.0,33.844387,35.0,0.59547544,0.5,8.820734,9.0,197.37636,197.0
181,58.554417,68.0,93.64562,87.0,38.588974,37.0,0.7149224,0.7,6.5502405,7.0,101.921555,103.00000000000001
182,8.6717005,13.0,38.273052,31.0,33.433018,34.0,0.36007246,0.3,3.865971,4.0,56.31443,53.99999999999999
183,37.05494,34.0,59.70584,50.00000000000001,21.69204,26.000000000000004,0.76612854,0.7,4.644327,4.0,49.923264,53.99999999999999
184,38.620533,40.0,55.217934,48.0,43.506348,41.0,1.0942359,1.2,27.66158,29.0,48.01433,46.0
185,9.878444,9.0,10.81326,16.0,10.730752,8.0,0.23050313,0.3,2.070277,2.0,70.19964,71.0
186,29.473104,29.0,69.451965,66.0,35.216087,35.0,0.53433126,0.6,3.1014354,3.0,71.79734,72.0
187,41.279324,37.0,67.6762,70.0,39.59415,41.0,0.66416764,0.7,3.0898025,3.0,124.29039,128.0
188,17.818653,28.0,7.155482,0.0,25.639536,27.0,0.4504205,0.3,2.5109084,3.0,75.7444,76.0
189,10.348321,8.0,29.823952,28.0,28.247477,31.0,0.44868445,0.4,2.4740958,2.0,60.76737,62.0
190,20.018002,19.0,125.89064,132.0,21.900394,17.0,0.0013854206,0.2,2.7463949,2.0,101.076195,101.0
191,11.858832,11.0,31.042364,27.0,14.73528,12.0,0.33464122,0.4,1.9820422,2.0,49.500526,47.0
192,36.685402,37.0,47.28192,42.99999999999999,38.99735,38.99999999999999,0.7737994,0.8,3.0574315,3.0,49.926155,50.0
193,4.207485,6.0,15.021944,9.0,23.159248,22.0,0.23335108,0.2,2.7044072,3.0,57.791237,55.0
194,25.958813,29.0,30.88019,28.0,21.178204,19.0,0.50531894,0.5,1.5704981,2.0,78.18887,78.0
195,6.3140435,7.0,37.562,35.0,15.155638,13.000000000000002,0.24852921,0.3,3.9474146,3.0,63.259853,63.0
196,24.535522,22.0,51.423954,54.0,33.294014,36.0,0.60382414,0.6,3.4736013,3.0,133.43227,135.0
197,56.01109,61.0,88.86822,79.0,55.58825,60.0,1.2647535,1.2,21.038198,21.0,58.480057,60.0
198,22.682186,21.0,34.97321,29.0,11.032466,11.0,0.63742113,0.7,3.4007964,3.0,94.813736,95.0
199,28.560423,27.0,44.831337,41.0,15.109608,17.0,0.53641814,0.5,2.9981089,3.0,160.69965,160.0
200,88.084984,104.0,83.31022,70.0,40.61609,37.0,1.0239062,0.9,0.6865663,2.0,51.715675,50.0
201,69.63982,70.0,202.78252,195.0,60.311993,66.0,0.8796563,0.8,16.814877,16.0,74.31,77.0
202,140.6909,136.0,175.38667,178.0,90.75649,94.0,2.489737,2.5,28.336668,28.0,11.196735,15.0
203,90.64014,91.0,151.50845,142.0,57.0134,61.0,1.1235722,1.0,15.681759,16.0,126.3591,130.0
204,136.92253,152.0,144.01076,132.0,52.872444,50.0,1.528124,1.4,1.3988143,2.0,38.158295,38.0
205,86.83189,84.0,111.37022,108.0,70.78712,74.0,1.9962763,2.0,43.841297,44.0,20.909887,23.0
206,87.70985,89.0,146.50256,136.0,49.0215,48.99999999999999,1.0441847,1.0,16.335468,17.0,161.20789,160.0
207,23.722855,26.0,34.62319,36.0,26.726707,26.000000000000004,0.44572642,0.5,4.2598367,4.0,62.993927,63.0
208,31.952568,28.0,62.540382,54.99999999999999,26.97242,23.0,0.5926832,0.8,2.149682,2.0,59.100224,58.0
209,54.175835,40.0,283.7897,292.0,29.302757,25.0,-0.048245907,0.3,5.6562424,3.0,84.12056,84.00000000000001
210,70.29825,77.0,125.46268,116.0,49.65754,52.00000000000001,0.8485653,0.7,2.9466233,3.0,42.685863,43.0
211,30.504482,22.0,48.396534,52.0,25.984291,27.0,0.5638696,0.6,4.3211937,4.0,50.46659,53.0
212,24.513277,24.0,47.12648,44.00000000000001,22.449097,25.0,0.5391061,0.5,2.3270395,2.0,173.76398,173.0
213,73.10571,81.0,118.81109,112.0,44.02446,43.0,0.9633429,1.0,4.398248,4.0,90.67212,90.0
214,11.481041,14.0,29.03783,25.000000000000004,26.12872,25.0,0.3671395,0.4,4.485232,4.0,70.95419,71.0
215,21.470982,21.0,53.341705,48.99999999999999,32.822433,35.0,0.54338795,0.5,4.472342,4.0,54.3792,55.0
216,64.91848,79.0,7.2547007,0.0,43.665363,44.0,1.1781222,1.0,3.5960693,5.0,166.29802,166.0
217,45.882355,45.0,109.4759,108.0,28.248241,27.0,0.584339,0.7,3.7497973,3.0,71.78286,73.0
218,31.885098,31.000000000000004,63.301437,59.0,23.597406,24.0,0.4674081,0.5,2.1522944,2.0,140.4577,141.0
219,47.653603,43.0,66.21731,68.0,39.577393,41.0,0.7680957,0.8,4.8272233,5.0,131.99918,135.0
220,23.51802,25.0,59.230392,53.0,40.721676,45.0,0.68841743,0.6,6.661098,6.0,51.765266,53.0
221,80.21803,86.0,105.2055,94.0,61.906296,68.0,1.1982621,0.9,3.4182827,4.0,39.534706,44.0
222,36.122654,28.0,66.26226,69.0,43.389698,48.99999999999999,0.74530363,0.7,4.444318,4.0,79.57155,85.0
223,81.1228,75.0,124.4841,124.0,61.245674,66.0,1.4887463,1.5,10.711534,10.0,23.76946,28.0
224,48.45659,50.0,100.49094,95.0,27.727686,25.0,0.47802848,0.5,2.1435773,2.0,43.283985,42.00000000000001
225,12.689798,16.0,50.443897,46.0,21.808342,24.0,0.42974505,0.3,3.258317,3.0,139.86993,141.0
226,104.180275,115.0,145.49924,138.0,88.539085,93.0,2.459446,2.2,75.08689,74.99999999999999,17.63344,16.0
227,36.503124,34.0,77.19137,76.0,38.875175,38.0,0.78119206,0.9,11.378557,11.0,50.367985,50.0
228,122.13721,133.0,145.95732,137.0,70.35814,71.0,1.8191793,1.7,11.969798,12.0,39.913437,41.0
229,0.75255114,3.0,17.657293,15.0,16.694006,16.0,0.30084798,0.3,3.2703042,3.0,72.98968,71.0
230,12.873614,13.0,28.640432,27.0,22.48669,20.0,0.38855198,0.5,5.4519367,5.0,61.25088,59.0
231,34.56122,35.0,79.07228,75.0,52.484894,58.0,0.7427951,0.6,3.2598708,3.0,35.290314,36.0
232,71.277115,62.99999999999999,93.37557,101.0,70.27494,77.0,1.6693106,1.7,18.658886,18.0,13.632683,16.0
233,1.9625744,6.0,24.62095,21.0,21.423548,20.0,0.29081216,0.3,2.0451915,2.0,90.75275,88.99999999999999
234,4.0415025,12.0,42.44524,36.0,15.406698,17.0,0.40637246,0.3,2.5704021,2.0,130.80171,129.0
235,114.3724,121.00000000000001,138.41725,131.0,80.77038,83.0,2.1679125,2.1,34.102787,34.0,47.72776,49.0
236,14.121389,15.0,31.87865,29.0,14.43309,19.0,0.46181896,0.3,3.1433382,3.0,174.54735,175.00000000000003
237,19.56708,20.0,39.13106,37.0,18.642632,16.0,0.25918832,0.3,1.954194,2.0,94.54522,98.0
238,34.188774,33.0,63.20824,60.99999999999999,36.79099,41.0,0.68730426,0.6,12.666109,13.0,177.24768,179.0
239,32.26505,29.0,60.874252,59.0,18.000305,16.0,0.5966313,0.7,2.4527857,2.0,121.09076,121.0
240,124.16157,122.99999999999999,167.88127,158.0,76.6875,79.0,1.8857576,1.8,40.568752,41.0,102.38915,107.0
241,39.473537,41.0,42.6961,42.99999999999999,25.447283,25.0,0.6807829,0.7,2.0676315,2.0,143.56335,144.0
242,22.37234,20.0,40.118164,39.0,42.31819,45.0,0.8404827,0.9,11.411409,11.0,51.844017,52.0
243,8.041243,7.0,35.76811,31.0,19.291569,18.0,0.33456367,0.4,3.6557393,3.0,62.75621,62.0
244,19.326859,20.0,41.727646,38.0,15.314869,17.0,0.4653289,0.4,3.3307178,3.0,162.6481,162.0
245,51.959026,60.0,88.19565,80.0,49.98082,54.0,0.80993056,0.6,6.5600996,7.0,95.91149,99.0
246,32.114212,36.0,75.59461,67.0,24.512585,26.000000000000004,0.44718674,0.4,2.4989977,2.0,95.955025,97.0
247,29.485723,31.000000000000004,53.639046,50.00000000000001,43.88678,48.99999999999999,0.8044113,0.7,10.221484,10.0,42.771145,43.0
248,48.04947,48.0,60.717915,57.0,43.9915,44.0,0.8215653,0.8,1.5851072,2.0,34.114033,34.0
249,144.43634,163.0,178.63327,160.0,63.761585,62.0,1.594337,1.4,9.170309,10.0,103.964745,104.0
250,11.311588,13.0,43.995678,40.0,28.113234,30.0,0.38279402,0.4,3.04003,2.0,88.15701,88.99999999999999
251,77.75082,78.0,99.52003,99.0,46.011086,45.0,1.0744123,1.1,1.7573923,2.0,110.69279,111.0
252,35.49485,39.0,61.020695,56.0,40.16223,37.0,0.5901958,0.7,4.077035,4.0,62.445084,62.0
253,44.205593,39.0,70.97961,71.0,47.476994,53.0,0.8922304,0.8,7.292966,7.0,33.11378,36.0
254,22.117172,21.0,39.004555,36.0,19.153362,20.0,0.5057653,0.5,2.3232663,2.0,132.75923,134.0
255,88.475136,92.0,133.45831,126.99999999999999,72.49457,79.0,1.4428157,1.2,9.564913,10.0,26.593567,31.0
256,16.866482,16.0,32.239105,33.0,31.481258,30.0,0.38801545,0.4,3.6670218,4.0,51.61285,51.0
257,69.80709,75.0,108.63416,100.00000000000001,46.63101,48.0,0.8961183,0.8,5.564282,6.0,99.46053,101.0
258,125.76594,129.0,210.57137,190.0,63.9889,69.0,1.2674682,1.0,19.497837,20.0,150.87149,153.0
259,9.74933,7.0,17.720863,23.0,12.159427,9.0,0.12644476,0.2,1.8855246,2.0,66.84452,67.0
260,52.627995,58.0,107.84129,103.0,55.54133,58.99999999999999,0.88348603,0.8,9.300852,9.0,85.13682,88.0
261,71.39585,68.0,136.10057,133.0,58.728638,66.0,1.0367439,0.9,3.8414662,3.0,56.253094,62.0
262,59.310528,54.0,88.85657,90.0,34.732063,38.99999999999999,0.82619274,0.8,6.7299995,6.0,199.00395,200.0
263,46.569942,43.0,65.23898,66.0,56.085285,58.99999999999999,1.0455818,1.1,7.507793,7.0,43.23945,44.0
264,8.671358,10.0,24.919981,16.0,15.192043,13.000000000000002,0.46238017,0.5,2.0737274,2.0,60.436615,59.0
265,61.41282,58.0,77.33446,81.0,34.660557,32.0,0.79262805,0.9,3.7131362,4.0,158.75188,160.0
266,38.73027,26.0,169.6104,175.0,16.324638,12.0,0.030912459,0.3,3.5373812,2.0,90.53947,93.0
267,33.365707,32.0,45.08133,48.99999999999999,31.38235,33.0,0.63674605,0.6,3.2499323,3.0,185.24847,187.0
268,6.3112464,9.0,35.657192,28.0,23.489248,21.000000000000004,0.33778006,0.4,2.0489323,2.0,103.93593,104.0
269,82.517784,84.0,126.559006,119.0,55.512436,60.0,1.0687318,0.9,6.806795,7.0,116.79407,121.0
270,66.91702,82.0,97.81346,87.0,38.85422,38.0,0.75357556,0.6,3.4737728,4.0,91.93868,92.0
271,29.465023,30.0,39.12199,36.0,38.17618,42.00000000000001,0.7011887,0.6,2.9528656,3.0,78.262215,81.0
272,13.707774,14.0,31.816633,26.0,20.602161,19.0,0.37131962,0.4,2.8022366,3.0,67.675125,67.0
273,41.645393,41.0,84.39924,85.99999999999999,45.66786,47.0,0.8256096,0.9,6.2573404,5.0,34.34049,32.0
274,30.362953,32.0,103.78305,101.0,26.531906,28.0,0.315632,0.3,4.918701,4.0,106.52113,107.99999999999999
275,17.338997,20.0,36.19683,32.0,16.606647,14.0,0.25439078,0.3,2.371084,2.0,77.28391,76.0
276,82.134674,90.0,151.92981,141.0,36.20503,34.0,0.73173153,0.7,13.618827,14.0,172.43103,172.0
277,89.94223,90.0,124.69442,117.00000000000001,40.054893,38.0,1.0457891,1.1,15.581261,16.0,232.46863,228.0
278,42.566635,39.0,84.16083,88.00000000000001,55.03102,60.0,0.9028913,0.9,4.717379,4.0,18.436565,16.0
279,70.11615,79.0,116.88108,104.0,52.36394,58.0,1.031704,0.8,6.1538777,6.0,72.7577,76.0
280,12.046154,16.0,30.991768,24.0,24.682926,22.0,0.40456858,0.5,6.330582,6.0,79.399605,79.0
281,26.431122,26.0,52.156773,48.99999999999999,17.147188,17.0,0.49541485,0.5,3.232014,3.0,170.52245,169.0
282,20.276752,19.0,6.5084724,0.0,27.639732,29.0,0.5509323,0.5,1.9701669,2.0,41.1806,41.0
283,40.99366,37.0,77.96928,76.0,37.35093,38.0,0.7942947,0.9,4.922509,4.0,61.35737,64.0
284,13.188553,9.0,25.740566,18.0,24.535463,20.0,0.30470777,0.4,2.2449791,3.0,56.7372,56.0
285,32.62898,33.0,67.32723,63.0,15.074404,15.0,0.5375312,0.6,4.407081,4.0,206.10611,200.0
286,188.49649,198.0,232.25426,212.0,73.0583,74.0,1.9408765,1.6,3.282124,5.0,51.33923,56.0
287,72.77646,77.0,112.04433,109.99999999999999,35.1883,32.0,0.94752955,1.1,10.318543,10.0,79.36804,80.0
288,264.9294,296.0,233.07228,204.0,95.424484,88.0,3.6367643,3.2,78.48219,78.99999999999999,65.81777,60.0
289,4.8195496,9.0,23.459944,18.0,16.325277,17.0,0.2959928,0.2,1.8750775,2.0,112.02118,113.0
290,78.45952,83.0,114.428345,107.0,60.861187,66.0,1.1244109,0.9,4.754985,5.0,52.16822,56.0
291,21.67113,22.0,40.86386,36.0,23.681904,24.0,0.48950547,0.5,3.393139,3.0,79.851875,82.0
292,32.392162,28.0,64.53098,69.0,26.69923,24.0,0.39373845,0.5,2.532686,2.0,57.799534,60.0
293,86.43037,82.0,161.19339,159.0,38.96354,37.0,0.7925545,0.9,12.626254,12.0,273.30045,267.0
294,19.975092,17.0,27.10815,28.0,11.821347,12.0,0.51388764,0.5,3.138972,3.0,168.57077,168.00000000000003
295,28.505936,28.0,36.62552,39.0,21.593533,23.0,0.5377143,0.5,2.2450159,2.0,153.2484,155.0
296,14.761638,32.0,11.251556,0.0,18.363901,15.0,0.40774128,0.3,2.091996,3.0,99.795715,97.0
297,4.6487904,9.0,26.548393,23.0,17.10897,16.0,0.33597606,0.3,2.8529391,3.0,133.59041,133.0
298,18.63198,24.0,49.642235,41.0,32.338703,31.0,0.55818355,0.6,11.869119,12.0,73.94727,73.0
299,27.299261,27.0,40.410736,38.0,14.31832,13.000000000000002,0.5877469,0.6,2.7008133,3.0,137.45126,137.0
300,172.8335,183.0,224.25829,200.99999999999997,71.21902,72.0,1.7025359,1.4,4.917588,6.0,131.32877,132.0
301,61.914795,55.0,93.82591,92.99999999999999,66.50855,69.0,1.596248,1.7,27.977968,28.0,14.963209,16.0
302,15.742328,18.0,97.0937,92.99999999999999,14.641947,11.0,0.11974785,0.2,3.4241853,3.0,89.48617,88.0
303,22.04655,22.0,81.98964,80.0,29.133177,29.0,0.33990243,0.4,6.436659,6.0,98.83646,100.0
304,97.91205,102.0,180.03104,171.00000000000003,50.402077,51.0,1.0016997,1.0,7.614029,7.0,122.52227,125.0
305,95.597374,89.0,108.57063,108.0,52.138027,52.00000000000001,1.4715521,1.6,3.9607341,4.0,16.028519,19.0
306,0.25215822,6.0,28.273558,23.0,20.67553,20.0,0.28540152,0.2,1.7633148,2.0,73.07175,72.0
307,12.850122,10.0,21.26351,18.0,16.08922,19.0,0.39453834,0.3,2.381438,2.0,68.287544,71.0
308,259.4136,245.00000000000003,230.8766,246.0,103.04944,92.0,3.8614872,4.3,19.704504,20.0,6.480122,7.0
309,61.11113,56.0,74.38031,79.0,32.66189,30.0,0.84292924,1.0,4.965602,5.0,187.0474,186.0
310,49.053185,54.0,81.45213,79.0,31.542067,29.0,0.49834272,0.5,1.7529097,2.0,78.53811,80.0
311,49.951977,46.0,73.95458,74.0,52.85798,56.0,0.98130226,1.0,7.9418507,8.0,123.83756,128.0
312,49.70711,53.0,85.166534,80.0,53.8257,58.0,0.9245751,0.8,3.0368016,3.0,36.852493,38.0
313,10.271874,14.0,29.900358,27.0,19.319458,19.0,0.4582012,0.4,2.6779993,3.0,129.64206,130.0
314,4.342012,7.0,22.738237,18.0,17.511875,17.0,0.35819274,0.3,1.7092308,2.0,65.21739,65.0
315,51.30946,45.0,112.0339,111.0,59.245033,62.0,1.3596087,1.5,28.43446,28.0,50.22488,52.0
316,23.484182,23.0,41.15297,44.00000000000001,35.67811,38.0,0.5542258,0.5,2.1299064,2.0,169.45149,172.0
317,12.993614,10.0,38.493355,38.0,34.586628,38.99999999999999,0.5543,0.5,3.384558,3.0,77.87062,80.0
318,45.60867,51.0,41.958546,32.0,25.295029,24.0,0.69516766,0.7,2.012086,2.0,68.00739,69.0
319,3.572649,5.0,36.81651,32.0,11.13645,8.0,0.18241611,0.3,5.952968,5.0,75.05516,73.0
320,27.461332,21.0,49.62736,48.0,16.378998,17.0,0.48424748,0.6,2.550275,2.0,140.69157,141.0
321,60.864197,62.00000000000001,78.95354,75.0,49.49458,50.0,0.9533466,1.0,3.2966638,3.0,27.12858,24.000000000000004
322,31.554628,38.0,65.13407,66.0,28.817293,24.0,0.40520453,0.5,4.0508614,4.0,55.509476,53.0
323,27.027264,24.0,65.39849,60.99999999999999,47.288303,51.0,0.9950148,1.0,21.708359,22.0,40.550682,41.0
324,56.361847,60.0,64.73238,65.0,29.046307,28.0,0.741081,0.8,3.766248,3.0,251.47392,251.00000000000003
325,75.31997,79.0,131.03815,121.0,41.182144,42.00000000000001,0.80618787,0.7,1.828331,2.0,57.461994,60.0
326,29.47154,23.0,53.648643,51.0,41.81066,44.0,0.8229047,0.9,4.4662533,4.0,17.68243,17.0
327,30.3827,23.0,51.47932,57.0,21.133,21.000000000000004,0.58328867,0.7,3.6721358,3.0,147.57358,149.0
328,23.62887,24.0,56.8321,56.0,35.787117,38.99999999999999,0.56622565,0.5,6.072482,6.0,141.60957,143.0
329,13.225571,9.0,25.439981,25.000000000000004,13.93509,16.0,0.4114639,0.4,2.4683714,2.0,143.68457,146.0
330,32.173943,30.0,65.355515,58.0,27.85329,24.0,0.5840467,0.8,2.292892,2.0,72.33844,71.0
331,15.528649,14.0,26.164877,25.000000000000004,14.616755,12.0,0.264924,0.3,2.588216,3.0,72.01728,72.0
332,22.565237,20.0,39.550083,35.0,15.944136,14.0,0.5161865,0.6,3.0626268,3.0,92.438576,93.0
333,70.34648,70.0,95.377556,96.0,65.673164,72.0,1.4634498,1.4,10.821794,10.0,12.906764,13.0
334,52.06212,51.0,89.31285,88.00000000000001,55.371067,61.0,0.8839061,0.7,3.681032,4.0,52.381935,57.0
335,61.432606,56.0,126.45092,120.0,55.333977,60.0,1.0120645,1.0,24.79429,25.0,182.2591,184.0
336,80.27659,80.0,99.42229,97.0,47.030987,48.99999999999999,0.9784658,0.9,3.7760515,4.0,167.87717,170.0
337,12.118998,12.0,35.700394,31.0,31.969967,32.0,0.5185915,0.5,15.811546,17.0,57.82426,57.0
338,22.131807,24.0,41.34523,41.0,34.978527,35.0,0.50063574,0.5,3.37183,3.0,47.617252,46.0
339,33.458244,32.0,56.761757,54.99999999999999,42.05625,45.0,0.68436635,0.6,2.5434272,2.0,6.793017,0.0
340,25.164814,27.0,66.33938,60.99999999999999,20.914358,20.0,0.4035185,0.4,3.241688,3.0,118.165085,119.0
341,14.115198,8.0,21.645945,23.0,25.145838,28.0,0.434968,0.4,3.4551473,3.0,55.598907,57.0
342,42.19318,44.0,47.714928,47.0,27.824265,25.0,0.7096485,0.8,2.869672,3.0,147.16208,147.0
343,60.385624,61.0,64.84459,68.0,22.506,19.0,0.7471879,0.8,2.8853679,3.0,178.8885,177.0
344,24.475466,20.0,48.790325,51.0,41.071774,45.0,0.6294638,0.6,3.2005477,3.0,101.27123,105.0
345,12.245575,11.0,32.515503,29.0,29.873142,35.0,0.4862973,0.4,3.633484,3.0,78.84984,81.0
346,66.05129,59.0,114.11507,113.0,36.019344,38.99999999999999,0.7540562,0.8,3.6579967,3.0,208.55383,208.99999999999997
347,12.3069,10.0,38.969917,37.0,29.75825,30.0,0.40717903,0.4,2.7829401,3.0,65.18319,66.0
348,41.18339,38.0,64.45788,68.0,34.629498,38.0,0.6529038,0.6,3.5386114,3.0,223.38058,224.0
349,3.6462243,7.0,55.531704,46.0,20.351141,15.0,0.24776241,0.3,3.162622,3.0,11.633752,0.0
350,-1.9311488,3.0,29.913082,23.0,17.004206,16.0,0.24844182,0.2,2.0674267,2.0,85.074135,84.00000000000001
351,54.60972,50.0,149.19699,148.0,48.715874,48.99999999999999,1.0214797,1.2,23.578997,23.0,62.13471,63.0
352,6.787206,14.0,43.404915,36.0,17.438654,19.0,0.36285466,0.3,3.3531563,3.0,150.21031,149.0
353,51.871407,57.0,93.16946,85.99999999999999,44.97898,50.0,0.7502658,0.6,8.191809,8.0,124.285995,128.0
354,80.80303,88.0,133.83258,126.99999999999999,53.05179,57.0,1.0775394,0.9,5.5412664,5.0,14.074585,12.000000000000002
355,54.7285,60.0,79.379814,71.0,56.04042,57.0,1.2569674,1.2,28.87728,30.0,50.62419,51.0
356,26.019768,25.0,46.017693,41.0,23.576313,23.0,0.67425853,0.8,2.6070728,2.0,81.95233,82.0
357,9.200579,10.0,20.512915,16.0,13.52999,12.0,0.4894763,0.5,2.9605734,3.0,91.14707,91.0
358,62.002357,66.0,70.707344,66.0,24.021492,21.000000000000004,0.8327774,0.9,2.2051332,2.0,206.98308,204.0
359,16.238056,15.0,28.767733,25.000000000000004,16.532684,16.0,0.4086859,0.4,2.8958757,3.0,113.627045,116.0
360,47.005894,44.0,100.17664,97.99999999999999,54.945942,60.0,0.9369892,0.9,3.736366,3.0,46.04848,49.0
361,33.968987,34.0,58.675,54.0,43.34489,44.0,0.8640783,0.9,9.456538,9.0,51.55456,52.0
362,210.84413,214.0,250.36147,251.0,100.663155,100.0,3.2185051,3.1,54.65925,54.0,5.891712,6.000000000000001
363,56.70508,56.0,82.30734,85.0,31.295042,32.0,0.7262108,0.7,2.5730343,2.0,215.35045,214.0
364,18.220087,13.0,26.324,28.0,26.103382,26.000000000000004,0.44648093,0.5,2.9966087,3.0,139.15616,143.0
365,23.860483,19.0,53.438633,51.0,16.19426,20.0,0.53764445,0.5,3.5566177,3.0,133.19278,136.0
366,34.55689,29.0,65.324554,66.0,14.209742,14.0,0.5493666,0.7,3.098783,2.0,168.58777,169.0
367,2.6202571,7.0,48.32521,42.99999999999999,25.328054,23.0,0.24063775,0.3,3.5388758,3.0,80.652435,79.0
368,19.266304,16.0,39.600185,33.0,30.425415,26.000000000000004,0.37614146,0.5,2.3992462,3.0,75.39175,76.0
369,36.441597,31.000000000000004,52.534515,58.0,37.051857,38.0,0.664099,0.7,1.9488088,2.0,147.68652,150.0
370,9.503201,8.0,13.380936,15.0,19.079235,19.0,0.31067538,0.2,2.5216935,3.0,47.32351,48.00000000000001
371,92.77724,106.0,95.12604,85.0,40.3845,38.0,1.0128177,0.9,2.1942742,3.0,124.35821,126.0
372,157.07973,164.0,184.26027,175.0,78.97693,79.0,2.3921473,2.2,44.36454,45.0,27.493248,30.0
373,59.642563,55.0,71.51651,75.0,33.843678,32.0,0.85871804,1.0,2.305626,2.0,166.70901,167.0
374,48.284554,48.0,27.98138,22.000000000000004,41.14705,40.0,1.0123094,1.1,1.2547265,2.0,21.010023,19.0
375,24.446558,23.0,32.67004,29.0,26.12002,24.0,0.53453326,0.6,1.5686345,2.0,59.351074,59.0
376,69.34849,86.0,80.347176,66.0,42.2791,42.00000000000001,1.018145,0.9,4.8332405,5.0,87.40228,87.0
377,25.381487,25.0,60.903046,62.0,39.744774,44.0,0.49136734,0.4,3.2751958,3.0,173.07928,175.00000000000003
378,13.944401,18.0,69.6434,66.0,24.394524,24.0,0.42823637,0.5,4.508315,4.0,188.12712,184.0
379,6.32161,9.0,33.168877,29.0,21.016706,23.0,0.36685652,0.3,2.0999784,2.0,108.435844,109.0
380,15.451763,17.0,35.02125,34.0,35.010098,37.0,0.46327838,0.4,3.117927,3.0,84.16512,87.0
381,51.561928,49.0,79.820175,83.0,38.690754,40.0,0.69772315,0.7,3.5775094,3.0,242.56477,243.0
382,35.280327,28.0,61.946873,62.0,34.94443,38.0,0.7723205,0.8,7.6912746,7.0,24.404211,24.000000000000004
383,71.554756,76.0,128.92706,120.0,45.95336,48.0,0.91327953,0.8,7.7621856,8.0,73.52239,76.0
384,13.140693,14.0,24.861254,21.0,20.171005,14.0,0.19043455,0.3,2.1010284,2.0,69.33434,73.0
385,40.384537,40.0,37.619415,38.0,29.32161,29.0,0.7831345,0.8,2.6703997,3.0,107.04249,107.99999999999999
386,110.70527,109.0,151.8599,147.0,83.35951,90.99999999999999,1.6446742,1.4,8.903823,9.0,116.53523,123.0
387,116.39436,134.0,133.18478,113.0,41.950268,38.99999999999999,1.1777039,1.0,1.079691,2.0,99.31662,99.0
388,62.281765,62.99999999999999,107.4113,105.00000000000001,64.94054,74.0,1.3669318,1.2,12.017395,11.0,17.15699,19.0
389,97.56307,106.0,124.25021,121.99999999999999,76.45704,79.0,1.8001229,1.7,15.113875,15.0,18.298157,17.0
390,29.804585,37.0,37.94727,32.0,26.94198,25.0,0.5816967,0.6,1.7879193,2.0,97.852554,96.00000000000001
391,11.936763,7.0,11.127829,16.0,14.247243,8.0,0.21200496,0.3,2.5681963,3.0,11.047879,0.0
392,24.118832,23.0,44.455364,44.00000000000001,15.565132,18.0,0.53190166,0.5,2.466426,2.0,185.16634,184.99999999999997
393,69.05498,70.0,75.86148,72.0,45.965996,47.0,1.0404426,1.0,2.718406,3.0,62.052006,65.0
394,43.971607,45.0,76.7686,73.0,31.081594,30.0,0.57906115,0.6,2.9197054,3.0,73.03859,74.0
395,20.656092,20.0,49.667843,51.0,30.232609,32.0,0.42097807,0.4,3.1566808,3.0,158.38597,160.0
396,62.72531,55.0,89.833145,92.0,44.145325,48.99999999999999,0.93068004,0.9,6.509365,6.0,222.12065,222.0
397,4.677737,12.0,35.88944,29.0,16.390106,14.0,0.19197093,0.2,2.926127,3.0,112.397064,111.0
398,59.089764,49.0,96.229965,100.00000000000001,51.3333,53.0,1.1297668,1.2,13.277594,13.0,22.390211,24.000000000000004
399,36.26629,33.0,60.570213,57.0,45.625233,46.0,0.77381,0.9,5.471212,5.0,33.700005,30.0
400,214.42432,221.0,244.49506,240.0,102.5573,103.0,3.1787992,3.0,39.162346,39.0,13.982959,15.0
401,78.62792,76.0,115.72309,116.0,72.361855,77.99999999999999,1.4813627,1.4,8.199707,8.0,39.330055,44.0
402,32.459187,34.0,65.32828,62.0,20.542763,20.0,0.50263715,0.5,2.189471,2.0,178.96576,177.0
403,6.543492,6.0,45.958103,38.0,17.879591,18.0,0.31278387,0.3,3.3723805,3.0,47.157646,46.0
404,48.961117,43.0,76.870544,83.0,26.095556,25.0,0.6572868,0.8,6.753339,6.0,256.20233,253.0
405,116.02943,122.0,167.52109,156.0,36.81976,33.0,0.9517528,0.9,8.622924,9.0,224.24762,218.0
406,60.208454,66.0,37.487877,33.0,33.52004,32.0,0.93023586,0.9,1.3376955,2.0,123.22748,124.0
407,43.52405,46.0,50.932144,44.00000000000001,46.193886,48.0,1.073308,1.1,15.734446,16.0,70.9883,73.0
408,226.16434,236.0,252.0543,239.00000000000003,107.88443,109.0,3.4403317,3.2,56.407875,55.0,62.780056,62.0
409,20.206158,17.0,49.8903,42.0,32.895767,32.0,0.41841805,0.5,2.813219,3.0,54.955196,53.99999999999999
410,23.599081,18.0,18.654526,20.0,23.533352,23.0,0.6020356,0.7,2.140715,2.0,85.43435,88.0
411,57.501854,62.00000000000001,65.00058,57.0,33.72568,32.0,0.83250296,0.8,2.5283747,3.0,51.38314,52.0
412,3.1083338,5.0,23.269238,20.0,20.98631,21.000000000000004,0.31571847,0.3,2.517409,2.0,63.17588,62.0
413,12.814443,13.0,35.917828,34.0,24.48674,27.0,0.5178274,0.5,5.7415867,5.0,69.89431,72.0
414,58.84249,65.0,120.7483,114.0,31.467064,29.0,0.6377397,0.7,2.5604851,2.0,96.40737,95.0
415,5.548771,11.0,33.963097,31.0,19.709312,18.0,0.20027381,0.2,2.0243871,2.0,99.83371,99.0
416,167.79083,188.0,151.84329,128.0,45.63423,40.0,1.5471544,1.3,2.23001,4.0,207.02382,199.00000000000003
417,74.053444,74.0,113.2298,107.0,44.923782,46.0,1.001522,1.0,15.536247,16.0,155.10977,157.0
418,13.361962,16.0,36.909595,37.0,22.59128,22.0,0.29884472,0.3,2.3490915,2.0,115.66916,116.0
419,46.10359,45.0,72.38767,70.0,45.029793,50.0,0.8095628,0.7,3.161903,3.0,111.55703,116.0
420,122.11,130.0,137.42284,125.0,42.522503,38.99999999999999,1.1529036,1.1,3.1228244,4.0,191.33574,187.0
421,25.027721,24.0,56.289043,56.0,37.61875,41.0,0.5459337,0.5,4.201276,4.0,126.62474,129.0
422,11.482807,13.0,40.94778,36.0,25.873571,27.0,0.33297643,0.3,2.1785595,2.0,69.13428,69.0
423,46.243248,50.0,105.01112,103.0,22.425335,20.0,0.47051972,0.5,2.6086233,2.0,138.2575,138.0
424,19.166258,21.0,84.54407,79.0,30.189896,31.0,0.43884766,0.5,13.35186,13.0,85.94765,86.0
425,33.172955,31.000000000000004,48.035095,48.0,33.813,33.0,0.6887029,0.8,7.2246075,7.0,76.974625,79.0
426,63.69477,62.00000000000001,133.39008,133.0,39.944397,38.99999999999999,0.6488998,0.7,10.580462,10.0,250.6423,250.0
427,112.55446,124.00000000000001,110.45004,103.0,53.423916,50.0,1.3630116,1.4,3.9234354,4.0,75.54641,77.0
428,115.59617,125.0,162.21536,149.0,31.264597,28.0,0.9087591,0.8,4.720287,5.0,196.02344,191.0
429,85.291504,81.0,149.54799,142.0,40.299778,42.00000000000001,0.8787261,0.9,3.638225,3.0,212.03291,210.0
430,3.8867397,4.0,16.938765,16.0,10.431882,7.0,0.13918035,0.2,2.0763524,2.0,60.693974,58.0
431,12.011377,13.0,29.614037,24.0,24.27783,23.0,0.42678735,0.5,8.131991,8.0,71.71467,71.0
432,58.5284,56.0,90.021706,92.99999999999999,62.660805,69.0,1.175315,1.1,5.9030643,5.0,23.181835,23.0
433,22.583527,23.0,50.01508,47.0,34.166176,36.0,0.51381993,0.5,2.8663516,2.0,53.381107,53.0
434,35.53416,33.0,64.532875,64.0,47.288383,53.0,0.8048311,0.7,4.391809,4.0,31.486185,33.0
435,27.369608,28.0,44.747467,40.0,20.007755,19.0,0.49679142,0.5,3.0724437,3.0,55.812973,56.0
436,32.331493,29.0,85.2007,88.00000000000001,20.487825,16.0,0.28955296,0.4,2.3579307,2.0,76.00842,78.0
437,98.83196,95.0,112.82497,117.00000000000001,85.16932,84.00000000000001,2.5502467,2.7,66.30349,66.0,19.021187,18.0
438,338.64346,353.0,385.0923,384.0,126.24077,123.0,4.800616,4.6,113.317444,109.00000000000001,29.26541,20.0
439,13.550247,12.0,33.4179,37.0,26.838243,28.0,0.39589056,0.4,2.35906,2.0,141.21687,143.0
440,148.60445,155.0,203.47627,194.0,92.08819,99.0,2.0850177,1.7,15.953582,17.0,17.688131,24.000000000000004
441,-7.630464,0.0,6.875705,0.0,22.419703,23.0,0.27775207,0.2,2.0424743,2.0,89.3126,87.0
442,42.60725,34.0,91.72097,92.99999999999999,30.684584,35.0,0.64405966,0.7,6.242465,5.0,274.99527,272.0
443,14.358716,16.0,43.661232,42.0,34.42858,36.0,0.4535468,0.4,3.79037,4.0,107.058846,107.99999999999999
444,5.7443614,6.0,16.549423,18.0,16.895893,15.0,0.20642143,0.2,1.9745748,2.0,52.62801,50.0
445,90.37762,100.0,108.86883,95.0,54.11486,53.0,1.4303417,1.4,17.454977,18.0,65.13283,66.0
446,109.12621,112.0,190.1654,179.0,46.50691,46.0,0.9550992,0.9,9.202833,9.0,187.89027,187.0
447,53.623116,47.0,81.08909,80.0,49.249035,52.00000000000001,1.2090279,1.3,9.59805,9.0,12.563313,13.0
448,68.74928,70.0,127.710434,118.0,36.48133,35.0,0.7679311,0.8,2.0712805,2.0,111.4705,112.0
449,20.420425,13.0,27.789791,33.0,18.925627,16.0,0.39482138,0.6,4.87769,4.0,64.60199,65.0
450,112.680725,118.0,155.42249,141.0,74.61524,75.0,2.353361,2.3,71.26642,70.99999999999999,32.49742,32.0
451,7.948473,8.0,14.238935,15.0,12.428966,6.0,0.100884795,0.2,1.8743963,2.0,73.299934,74.0
452,68.638725,68.0,108.10885,102.0,40.732605,44.0,0.9344317,0.9,8.392128,8.0,117.07577,121.0
453,30.638489,31.000000000000004,53.54502,50.00000000000001,47.29804,53.0,0.74960077,0.6,3.2337792,3.0,60.75929,64.0
454,35.90122,34.0,77.381645,76.0,31.752365,36.0,0.47754565,0.4,4.180485,4.0,113.77632,118.0
455,15.552704,11.0,22.589033,24.0,13.271143,15.0,0.5139179,0.5,3.359738,3.0,141.25874,144.0
456,135.32397,144.0,109.67715,100.00000000000001,60.207127,54.0,2.0682535,2.2,16.87347,18.0,42.606888,41.0
457,29.183693,24.0,49.039837,52.0,31.883081,32.0,0.7442571,0.9,2.5809188,2.0,153.0289,154.0
458,28.042095,19.0,35.046867,42.0,26.403372,25.0,0.70981055,0.9,2.4604769,2.0,117.366585,120.0
459,0.89471,4.0,27.012007,22.000000000000004,13.263742,12.0,0.24545759,0.2,2.8371618,3.0,67.16861,66.0
460,22.083294,23.0,84.68346,88.00000000000001,28.813469,28.0,0.25461707,0.3,3.311333,3.0,93.872604,96.00000000000001
461,28.633406,26.0,61.267395,62.0,44.69947,47.0,0.6423639,0.6,4.0207114,4.0,41.814827,42.00000000000001
462,134.9248,140.0,196.21489,181.00000000000003,79.310455,86.0,1.6633099,1.3,11.365624,12.0,76.38832,83.0
463,46.515182,45.0,71.184906,74.0,35.447212,36.0,0.67924976,0.7,3.3619466,3.0,214.90164,215.0
464,13.81081,18.0,63.884182,57.0,14.203354,12.0,0.2907141,0.3,3.1397305,3.0,84.354126,83.0
465,15.712632,14.0,34.508156,34.0,29.615934,30.0,0.55097115,0.6,2.983183,3.0,77.044,77.0
466,48.708153,38.0,171.03464,171.00000000000003,28.080532,30.0,0.31880468,0.4,3.5424738,2.0,73.250015,77.0
467,12.478564,13.0,29.070166,26.0,22.427256,22.0,0.38520202,0.4,9.704615,10.0,72.906815,73.0
468,21.168943,19.0,23.370834,27.0,35.16832,37.0,0.51842856,0.5,1.9768949,2.0,35.120846,34.0
469,58.923748,58.0,88.01029,87.0,66.83242,73.0,1.4333407,1.4,10.940896,10.0,18.639801,19.0
470,48.87381,48.0,86.671,87.0,37.607788,38.0,0.6785891,0.7,9.908709,10.0,199.75368,201.0
471,6.564494,8.0,21.107233,19.0,20.02797,16.0,0.16557093,0.2,1.7950127,2.0,55.245907,52.0
472,7.4625287,14.0,44.547108,42.99999999999999,19.997517,19.0,0.23173156,0.2,1.9124995,2.0,108.58392,109.0
473,41.785553,42.0,78.45825,71.0,24.348011,25.0,0.5910286,0.6,3.2600093,3.0,135.2703,136.0
474,34.756866,36.0,130.60658,126.99999999999999,35.080414,34.0,0.32598686,0.4,4.733944,4.0,84.80128,85.0
475,5.819008,3.0,30.221678,21.0,17.688047,14.0,0.15529577,0.2,2.3786404,3.0,63.479202,63.0
476,96.90468,98.0,81.7141,79.0,50.509705,48.0,1.4233315,1.5,1.391767,2.0,56.931786,59.0
477,10.057873,13.0,45.91151,38.0,35.277264,40.0,0.4892447,0.4,3.9310906,3.0,39.736965,37.0
478,23.055109,25.0,52.872066,45.0,39.43223,40.0,0.7738644,0.8,15.795799,16.0,50.406647,49.0
479,48.14333,44.0,48.9516,52.0,28.34471,28.0,0.8220093,0.9,2.256703,2.0,126.76265,129.0
480,24.319653,21.0,43.48551,44.00000000000001,21.110357,21.000000000000004,0.45669678,0.5,2.1706798,2.0,151.65182,153.0
481,28.840412,27.0,59.34957,58.0,47.312695,54.0,0.8252811,0.7,7.2156267,7.0,111.5035,116.0
482,11.406561,6.0,26.08488,22.000000000000004,19.037777,18.0,0.4173306,0.5,3.0450103,2.0,8.215608,0.0
483,87.51397,83.0,121.526535,124.0,64.23677,65.0,1.5525546,1.7,7.2237287,7.0,15.756882,16.0
484,35.240593,28.0,49.885166,52.0,46.444275,54.0,0.913594,0.9,8.362384,7.0,52.51015,56.0
485,54.335358,55.0,125.203316,117.00000000000001,30.02789,31.0,0.5927441,0.6,4.6761923,4.0,202.74144,199.00000000000003
486,4.77821,0.0,1.6138659,0.0,16.224642,16.0,0.4083979,0.5,3.5650282,3.0,67.95575,70.0
487,96.70207,25.0,4.7482567,62.0,52.56254,32.0,2.88461,5.0,7.2773733,3.0,132.92722,135.0
488,34.45098,32.0,56.774994,54.0,45.997623,50.0,0.8997742,0.9,8.811153,8.0,36.02847,36.0
489,76.759125,94.0,81.6732,69.0,32.77166,30.0,0.8426925,0.7,1.1934836,2.0,104.892624,104.0
490,76.63147,76.0,146.22618,136.0,53.267143,60.0,1.0607307,0.9,7.552991,7.0,58.39637,64.0
491,191.5496,187.0,234.94153,239.00000000000003,106.90172,111.00000000000001,2.9363866,2.8,21.228764,21.0,21.16811,26.999999999999996
492,112.44078,120.0,76.50045,68.0,32.408207,28.0,1.3637681,1.4,2.46362,3.0,173.21095,170.0
493,12.6055975,16.0,42.870758,39.0,28.41883,29.0,0.4260859,0.4,3.3453748,3.0,64.80878,64.0
494,109.85972,116.0,131.25931,126.0,87.26008,96.0,1.8486937,1.5,7.5529017,8.0,25.221508,31.0
495,27.631365,25.0,51.60732,54.0,48.100105,55.0,0.7430945,0.6,2.3744729,2.0,118.87496,124.0
496,8.603333,12.0,34.33792,35.0,16.942278,16.0,0.28756264,0.3,2.6817064,2.0,123.19197,124.0
497,67.5737,69.0,113.90826,105.00000000000001,47.050983,50.0,0.8434511,0.7,2.6805463,3.0,46.904636,50.0
498,59.750687,60.0,90.54507,83.0,20.121681,17.0,0.61814725,0.7,2.8395364,3.0,164.50511,162.0
499,71.652626,74.0,63.095257,59.0,30.401134,25.0,1.0339328,1.2,2.5114322,3.0,107.14046,106.0
500,36.80118,34.0,26.091175,20.0,34.10519,34.0,0.91580665,1.0,9.717162,10.0,52.675125,53.99999999999999
501,41.743534,40.0,90.46877,87.0,49.170464,54.0,0.87184644,0.8,6.637052,6.0,47.091034,50.0
502,29.957298,28.0,59.568863,54.99999999999999,47.2118,52.00000000000001,0.7648995,0.7,4.472005,4.0,17.615782,16.0
503,47.228016,44.0,44.969456,48.99999999999999,24.013315,24.0,0.8198825,0.9,4.3968496,4.0,166.82736,167.0
504,82.37177,75.0,131.15373,133.0,32.877144,33.0,0.8405301,0.9,3.7519953,3.0,192.83861,192.00000000000003
505,31.830477,38.0,49.504322,48.0,31.486736,28.0,0.4264785,0.5,3.6581826,4.0,80.62359,82.0
506,60.990746,54.0,61.805103,68.0,30.252697,28.0,0.9117737,1.1,3.1752133,3.0,183.58325,182.0
507,54.803757,50.0,71.910034,77.0,43.33435,46.0,0.911803,0.9,2.547215,2.0,199.74706,201.0
508,40.41057,38.0,125.822556,126.99999999999999,38.564457,43.0,0.4715329,0.4,6.764911,6.0,88.848915,93.0
509,10.395075,8.0,17.308384,14.0,20.422693,18.0,0.39831212,0.5,4.4508576,4.0,48.03556,45.0
510,29.138792,35.0,67.861275,60.99999999999999,34.305862,33.0,0.5806277,0.6,6.3435416,6.0,60.37952,59.0
511,14.158669,16.0,40.413166,42.99999999999999,26.370272,25.0,0.3428105,0.4,3.005291,3.0,80.67187,82.0
512,15.637723,15.0,41.82218,45.0,30.583324,33.0,0.5176394,0.5,2.6686628,2.0,140.87491,143.0
513,7.120934,8.0,19.272285,16.0,16.954763,11.0,0.1226514,0.2,2.499342,3.0,77.81759,79.0
514,21.468351,22.0,50.113457,45.0,43.786194,47.0,0.7215254,0.7,7.4022827,7.0,59.041943,60.0
515,22.109062,19.0,45.930687,44.00000000000001,42.35354,47.0,0.6356697,0.6,3.780809,3.0,45.671738,46.0
516,20.470781,19.0,35.156475,30.0,22.19652,23.0,0.5380884,0.5,2.0644572,2.0,72.92737,75.0
517,16.740631,32.0,9.096578,0.0,11.620891,9.0,0.35244048,0.2,1.3841317,2.0,82.487976,81.0
518,43.03669,37.0,55.33276,60.0,44.588207,48.0,0.7948724,0.8,3.2473087,3.0,181.93996,186.0
519,63.941032,78.0,53.237385,41.0,49.15697,48.99999999999999,1.1049631,1.0,5.45826,6.0,76.36626,77.0
520,26.50981,21.0,35.17628,42.99999999999999,33.15205,38.0,0.7039784,0.6,3.5018919,3.0,170.7112,174.0
521,49.72281,45.0,96.57162,97.0,43.12953,47.0,0.69086754,0.7,8.58306,8.0,244.46606,243.0
522,9.845001,12.0,32.049168,32.0,32.688953,34.0,0.38016805,0.3,1.6465652,2.0,90.89068,92.0
523,42.93973,42.0,118.6056,114.99999999999999,53.71543,60.0,0.7949861,0.7,10.802256,10.0,181.08948,181.0
524,45.874092,42.0,173.2993,176.00000000000003,25.60606,24.0,0.22776511,0.3,3.5173817,2.0,55.638874,56.0
525,20.984995,21.0,41.048515,37.0,17.880646,17.0,0.56595874,0.6,2.924006,3.0,123.76507,123.0
526,40.079517,38.0,76.98879,75.0,53.252544,58.99999999999999,0.8839942,0.8,4.5125484,4.0,28.302174,29.0
527,47.37622,39.0,213.17725,212.0,34.467148,36.0,0.3176802,0.5,8.2897005,6.0,87.03628,88.99999999999999
528,30.592554,29.0,75.47218,71.0,34.44738,35.0,0.75692403,0.9,12.507426,12.0,82.34454,83.0
529,76.05828,76.0,85.268875,80.0,42.72284,46.0,1.0926747,1.0,5.9345937,6.0,140.07495,143.0
530,8.811009,8.0,20.828072,19.0,13.134314,12.0,0.41459382,0.4,2.9632895,3.0,93.910866,95.0
531,104.41032,105.0,166.53534,161.0,80.8095,89.0,1.5946777,1.3,12.696997,13.0,33.837143,41.0
532,19.988716,18.0,44.957935,47.0,20.378187,22.0,0.32989657,0.3,4.610677,4.0,85.44285,88.99999999999999
533,24.734926,27.0,41.676567,35.0,40.446617,42.00000000000001,0.7272189,0.7,15.275642,16.0,68.796524,70.0
534,14.2317095,10.0,32.644814,30.0,15.3853,15.0,0.28422093,0.3,2.5942545,2.0,74.193275,77.0
535,25.991482,23.0,36.63731,42.99999999999999,24.61555,25.0,0.5504552,0.6,2.5526862,2.0,187.8354,189.0
536,18.812834,22.0,75.64459,79.0,21.584074,16.0,0.16291761,0.3,2.6278605,2.0,72.41073,72.0
537,10.391919,11.0,24.739677,21.0,24.036228,17.0,0.21040893,0.4,1.8404617,2.0,70.49537,71.0
538,101.64806,105.0,165.03265,155.0,55.26472,56.0,1.074929,1.0,19.99198,21.0,135.6731,138.0
539,10.457158,8.0,39.11991,39.0,16.974972,13.000000000000002,0.2039896,0.3,3.3592002,3.0,64.94424,64.0
540,57.799313,52.0,69.26752,77.0,29.831892,25.0,0.7827181,1.0,3.1509876,3.0,216.00983,213.00000000000003
541,46.03325,42.0,102.65934,104.0,46.50255,48.99999999999999,0.9058678,1.0,9.092652,8.0,59.380745,62.0
542,35.90643,31.000000000000004,66.97987,69.0,18.973534,20.0,0.59987056,0.7,6.0231996,5.0,284.0393,278.0
543,110.425095,122.99999999999999,132.7861,121.0,67.980865,69.0,1.6572456,1.5,20.487137,21.0,83.221466,86.0
544,38.365463,42.0,45.067783,41.0,29.493748,30.0,0.8052119,0.8,3.0499246,3.0,92.57121,93.0
545,10.327655,13.0,43.521027,45.0,19.259459,18.0,0.26935446,0.3,2.220285,2.0,104.65123,106.0
546,77.0494,71.0,137.20135,136.0,68.43305,75.0,1.3870944,1.3,11.15353,11.0,4.629373,9.0
547,131.26372,122.0,140.18936,152.0,87.43613,90.0,2.5542188,2.7,26.918255,26.0,7.2741914,10.0
548,32.410213,37.0,32.05985,25.000000000000004,30.751287,29.0,0.74401987,0.8,8.971443,9.0,67.058716,68.0
549,21.314463,21.0,47.665215,51.0,30.808195,33.0,0.4206712,0.4,3.6047695,3.0,205.37721,208.0
550,42.09734,44.0,59.027855,54.99999999999999,26.537296,25.0,0.5837919,0.6,2.9559622,3.0,39.497566,38.0
551,58.598434,55.0,179.11583,174.0,36.24844,38.99999999999999,0.47239918,0.5,5.541661,4.0,133.77432,136.0
552,123.734985,135.0,161.49953,146.0,61.822636,57.0,2.0152354,2.0,50.49465,52.0,15.871359,12.000000000000002
553,86.11393,86.0,117.67712,112.0,49.33793,51.0,1.0724149,1.0,8.520566,9.0,143.89227,146.0
554,46.77874,46.0,67.53495,65.0,37.989574,38.0,0.84716654,0.9,9.962322,10.0,62.503365,64.0
555,28.165915,26.0,34.1476,35.0,32.570988,34.0,0.6206896,0.6,1.9821296,2.0,131.97522,136.0
556,19.03672,17.0,32.459053,28.0,24.146908,26.000000000000004,0.49127215,0.4,1.8939842,2.0,51.738884,53.99999999999999
557,37.34688,35.0,41.2204,44.00000000000001,26.58025,26.000000000000004,0.6430299,0.7,3.0131974,3.0,177.08447,177.99999999999997
558,15.386899,15.0,39.48051,37.0,25.036346,26.000000000000004,0.38935536,0.4,3.6140893,3.0,56.977955,56.0
559,201.94026,217.0,215.8008,212.0,100.839066,101.0,2.8994925,2.7,13.364425,14.0,15.101235,14.0
560,25.947521,28.0,69.11891,67.0,36.574333,40.0,0.5907664,0.5,5.25589,5.0,136.14212,137.0
561,53.010986,52.0,66.387535,69.0,29.299952,29.0,0.77267814,0.8,3.6799095,3.0,217.87346,217.0
562,15.43635,12.0,20.791819,25.000000000000004,24.974987,24.0,0.29467583,0.3,1.8351809,2.0,52.611538,52.0
563,76.44388,78.0,107.685936,102.0,67.485954,71.0,1.5993805,1.5,32.329815,33.0,43.904045,47.0
564,24.994228,33.0,102.49383,97.0,24.945202,23.0,0.285133,0.3,2.8621783,2.0,109.28025,107.99999999999999
565,16.623955,17.0,45.512577,48.99999999999999,25.83461,23.0,0.3457243,0.5,3.5263035,3.0,71.84869,73.0
566,23.82388,24.0,30.783897,34.0,25.879799,27.0,0.6186471,0.6,2.3623495,2.0,161.46532,162.0
567,30.762085,30.0,57.08221,54.0,28.665268,25.0,0.6281135,0.8,7.5081644,7.0,54.074375,52.0
568,8.372899,12.0,36.83984,30.0,21.418787,19.0,0.35140848,0.4,4.243414,4.0,83.84078,84.00000000000001
569,8.076333,9.0,27.951937,23.0,26.366062,26.000000000000004,0.38897586,0.4,4.7278714,4.0,62.21857,62.0
570,40.0589,42.0,70.49485,63.0,18.859169,16.0,0.55225796,0.6,3.0519824,3.0,159.36493,157.0
571,9.806462,9.0,21.675533,21.0,21.298721,18.0,0.23458278,0.3,2.2821496,2.0,59.995693,59.0
572,25.730171,28.0,64.95964,62.0,18.38136,17.0,0.3545588,0.4,2.3633964,2.0,119.401665,120.0
573,79.25745,95.0,80.511116,70.0,40.674793,37.0,0.9522029,0.9,2.2735958,3.0,60.84619,59.0
574,46.52322,40.0,59.16053,62.0,39.132236,44.0,0.87930334,0.9,5.765964,5.0,148.61008,152.0
575,11.380421,11.0,29.518024,24.0,25.988665,23.0,0.2964264,0.4,2.2555702,2.0,53.258144,52.0
576,46.054874,43.0,45.905636,50.00000000000001,24.500956,21.000000000000004,0.8044311,1.0,3.0807073,3.0,140.27733,139.0
577,17.92234,19.0,70.55972,73.0,29.871832,26.000000000000004,0.29390943,0.4,3.3791904,3.0,56.913944,56.0
578,89.65031,82.0,128.80922,124.0,60.357708,64.0,1.3988829,1.4,15.900193,16.0,104.08579,109.0
579,25.093058,20.0,14.142233,15.0,30.825651,31.0,0.71622735,0.8,1.892457,2.0,82.492256,85.0
580,78.74311,88.0,114.64451,112.0,39.93135,32.0,0.8113196,1.0,3.273927,3.0,58.298237,56.0
581,-4.909716,8.0,36.78206,25.000000000000004,19.102682,18.0,0.25507295,0.2,2.938519,3.0,102.11818,98.0
582,61.829453,60.0,69.277626,70.0,28.537354,26.000000000000004,1.0101451,1.2,7.338945,7.0,158.08492,157.0
583,59.99726,61.0,119.04314,117.00000000000001,30.398275,27.0,0.5618168,0.7,8.066885,8.0,218.1152,217.0
584,62.065773,62.99999999999999,80.76075,77.0,42.45007,41.0,1.1141484,1.2,21.186922,22.0,60.083492,61.00000000000001
585,18.059208,14.0,29.624767,28.0,6.93983,10.0,0.5310887,0.5,3.7025754,3.0,147.49365,149.0
586,46.686104,43.0,99.46267,100.00000000000001,43.627907,48.99999999999999,0.66875243,0.6,8.445274,8.0,136.1858,141.0
587,34.668823,36.0,77.85961,79.0,26.018492,24.0,0.39162713,0.5,4.125461,4.0,140.93394,143.0
588,12.576167,11.0,19.8203,25.000000000000004,22.982859,22.0,0.28784177,0.3,1.9774698,2.0,58.7328,59.0
589,10.70445,10.0,27.15764,24.0,13.128846,15.0,0.44633842,0.4,3.2217994,3.0,119.41422,121.0
590,18.378826,19.0,45.840786,44.00000000000001,25.849876,28.0,0.43754858,0.4,3.4503672,3.0,126.61445,129.0
591,91.29806,51.0,59.483,90.0,63.888897,55.0,2.2906363,3.4,9.154796,7.0,93.56113,96.00000000000001
592,4.8985586,8.0,23.017944,22.000000000000004,21.719572,22.0,0.43036065,0.4,3.2573552,3.0,87.226036,87.0
593,32.110435,35.0,66.92714,62.0,37.620686,37.0,0.7549908,0.8,17.456238,18.0,58.818504,58.0
594,20.683554,22.0,47.111637,41.0,27.339666,28.0,0.5135897,0.5,9.82387,10.0,75.877815,77.0
595,53.935078,58.0,108.343704,104.0,32.82852,31.0,0.55283564,0.6,4.0767064,4.0,151.49268,153.0
596,96.24749,106.0,136.91315,123.0,41.17188,40.0,1.0207562,0.9,8.338629,9.0,156.99516,154.0
597,8.577184,7.0,53.85608,52.0,15.37698,10.0,0.16431974,0.3,4.695097,4.0,57.507214,53.99999999999999
598,68.92841,78.0,121.489815,118.0,53.404186,56.0,0.9310212,0.8,6.1849723,6.0,40.253956,39.0
599,28.309889,29.0,49.968628,54.0,27.681065,27.0,0.5495656,0.6,2.5862775,2.0,154.99467,156.0
600,0.17690738,8.0,22.916454,15.0,7.8619204,8.0,0.3140026,0.2,3.101407,3.0,101.419044,100.0
601,54.9343,52.0,67.53692,68.0,56.005886,62.0,0.99426544,0.9,4.5010943,4.0,28.14098,29.0
602,16.882692,14.0,29.594677,28.0,11.65098,13.000000000000002,0.5060298,0.5,3.2649436,3.0,108.36675,111.0
603,166.31241,192.0,160.19284,137.0,60.456493,58.0,1.6556675,1.3,2.2278743,4.0,88.03838,88.0
604,29.410032,31.000000000000004,65.25494,60.99999999999999,36.689503,38.0,0.54449046,0.5,2.2934031,2.0,45.676445,45.0
605,26.09964,24.0,42.3485,42.0,29.878807,28.0,0.42946827,0.4,3.0751393,3.0,9.743629,0.0
606,80.15319,81.0,113.0238,107.0,56.342377,57.0,1.4597627,1.5,25.793436,26.0,53.25204,55.0
607,87.87475,85.0,155.62761,150.0,42.83231,44.0,0.83291227,0.8,11.292326,11.0,256.48816,252.0
608,8.811718,11.0,31.185791,29.0,15.732854,15.0,0.22963852,0.2,2.9534824,3.0,91.182335,92.0
609,73.7744,72.0,77.01419,79.0,63.331207,66.0,1.428201,1.5,12.389479,12.0,27.42976,26.0
610,6.265124,0.0,-1.7091502,0.0,38.172855,43.0,0.8225317,0.9,8.206529,8.0,111.247,114.99999999999999
611,118.62898,122.99999999999999,227.0638,210.00000000000003,54.435474,56.0,1.0982976,1.0,8.299624,8.0,95.296684,97.0
612,67.843666,66.0,89.12715,88.00000000000001,29.349907,29.0,0.78036195,0.8,2.9817948,3.0,163.87373,163.0
613,31.553307,24.0,56.440712,60.0,32.89398,34.0,0.7501918,0.9,11.11455,11.0,177.15002,177.99999999999997
614,24.228643,20.0,34.059456,35.0,12.200552,13.000000000000002,0.6595677,0.7,3.686861,3.0,145.67511,147.0
615,108.218636,109.0,138.71309,138.0,86.9845,88.0,2.5360184,2.6,61.352596,61.0,12.800758,11.0
616,36.353474,37.0,60.474026,54.99999999999999,17.766874,17.0,0.59167135,0.6,3.3550725,3.0,145.94987,146.0
617,41.784256,43.0,71.78498,64.0,22.740446,20.0,0.64856446,0.7,1.9757864,2.0,80.08699,80.0
618,51.696568,54.0,124.109726,121.0,45.203312,48.99999999999999,0.658535,0.6,7.864809,7.0,157.70671,161.00000000000003
619,27.149578,26.0,37.823948,36.0,40.794228,42.00000000000001,0.84539944,0.9,12.064597,12.0,49.33549,49.0
620,34.766308,32.0,53.865887,54.99999999999999,19.248953,16.0,0.63305366,0.8,3.3871822,3.0,187.20665,184.99999999999997
621,32.416515,31.000000000000004,64.1622,64.0,41.915245,46.0,0.68729925,0.6,3.1123104,3.0,103.14071,106.0
622,3.965779,9.0,26.797241,19.0,12.889216,11.0,0.37973824,0.4,3.0929234,3.0,116.48023,114.0
623,0.42895365,4.0,23.745296,20.0,10.04866,7.0,0.21111856,0.2,2.6867535,3.0,98.22606,97.0
624,9.721718,9.0,16.243494,21.0,16.394375,12.0,0.17121741,0.3,1.9448764,2.0,71.55347,72.0
625,18.010727,18.0,28.95533,26.0,31.464504,30.0,0.541026,0.6,9.688347,10.0,65.6368,66.0
626,43.331112,47.0,50.34343,45.0,27.33959,25.0,0.7528573,0.8,2.554822,3.0,47.77339,46.0
627,35.123745,29.0,61.51072,69.0,36.398003,38.99999999999999,0.6837704,0.7,3.868055,3.0,226.78682,227.0
628,20.86271,22.0,78.23845,77.0,46.139164,55.0,0.59866834,0.4,6.020031,5.0,127.16268,131.0
629,136.81699,138.0,174.88896,161.0,44.089706,38.99999999999999,1.3220257,1.4,11.300276,12.0,189.87177,184.99999999999997
630,36.406933,33.0,73.60345,70.0,30.039478,32.0,0.5605677,0.6,2.5783448,2.0,92.40639,95.0
631,16.155321,15.0,34.3706,33.0,25.737963,26.000000000000004,0.44453913,0.5,5.522434,5.0,77.86998,79.0
632,9.222851,13.0,39.943222,35.0,37.0176,38.99999999999999,0.5070151,0.5,4.64229,4.0,81.68061,83.0
633,77.473526,65.0,-0.33032763,0.0,46.64294,43.0,1.8361474,2.3,9.380867,9.0,5.273941,3.0000000000000004
634,20.943192,21.0,56.4874,54.99999999999999,44.46884,48.0,0.5704491,0.5,2.2412632,2.0,37.248215,36.0
635,22.3328,19.0,31.175852,30.0,33.202526,36.0,0.6336161,0.6,7.056682,7.0,73.37695,78.0
636,94.80521,98.0,124.561806,121.0,77.48094,80.0,2.0264575,2.0,38.860836,39.0,25.892218,26.0
637,22.728937,22.0,45.852417,45.0,31.414177,33.0,0.44157028,0.4,3.3746963,3.0,52.797554,52.0
638,156.55453,165.0,207.73553,185.0,44.447247,41.0,1.3214554,1.2,8.534981,9.0,202.16331,195.0
639,40.017254,37.0,55.24966,52.0,13.698169,14.0,0.6422115,0.7,3.3733315,3.0,166.87589,166.0
640,152.86536,155.0,266.35196,248.99999999999997,50.330723,48.0,1.1555444,1.2,5.818888,5.0,145.46771,146.0
641,5.1952906,6.0,25.603922,23.0,14.101838,14.0,0.23775548,0.2,2.5878994,2.0,57.046272,56.0
642,52.29388,53.0,80.12981,77.0,57.269684,64.0,1.0443295,0.9,6.695751,6.0,21.07029,20.0
643,7.7088637,7.0,14.347232,19.0,15.244387,11.0,0.14148748,0.2,1.725678,2.0,62.08918,61.00000000000001
644,75.73989,84.0,102.154594,94.0,62.742867,67.0,1.2337053,1.0,2.5458426,3.0,20.062773,21.000000000000004
645,37.034195,36.0,89.762634,88.00000000000001,40.712883,44.0,0.71012443,0.7,3.9150944,3.0,86.70068,90.0
646,96.00625,98.0,129.08708,132.0,64.677895,69.0,1.344087,1.2,3.4500232,3.0,20.400751,21.000000000000004
647,152.53159,153.0,226.52309,213.0,62.34996,58.99999999999999,1.996096,2.1,34.303467,34.0,54.2486,55.0
648,67.06041,60.0,65.843414,69.0,39.22464,38.0,1.0362865,1.2,3.2161188,3.0,157.39122,159.0
649,18.949682,16.0,50.20203,53.0,37.81586,41.0,0.53627396,0.5,3.2423131,3.0,119.098915,122.00000000000001
650,11.1968565,15.0,33.118523,26.0,30.887707,31.0,0.50833577,0.5,7.9628506,8.0,68.525444,68.0
651,25.66957,26.0,34.673557,32.0,37.005432,41.0,0.6279228,0.5,2.3222075,2.0,32.427746,32.0
652,27.293678,33.0,44.541733,45.0,25.05061,23.0,0.41348094,0.4,1.4686832,2.0,127.179565,129.0
653,19.877268,24.0,40.442818,32.0,31.250208,30.0,0.5762017,0.6,16.228928,17.0,71.46457,71.0
654,59.233604,55.0,76.8112,76.0,49.716785,53.0,1.0484344,1.0,5.84613,6.0,46.95947,51.0
655,55.546158,55.0,82.81852,80.0,58.46445,60.0,1.3306341,1.3,29.05247,30.0,36.284435,37.0
656,43.96839,44.0,75.49219,70.0,26.086155,28.0,0.6111769,0.6,2.6555774,2.0,88.34823,91.0
657,21.465914,19.0,30.54941,34.0,43.74475,48.0,0.63611096,0.6,3.1937222,3.0,27.835926,26.0
658,274.04807,274.0,301.12598,298.0,94.15346,83.0,3.3614979,3.6,15.441307,17.0,14.595399,11.0
659,2.7447422,9.0,27.81122,23.0,17.922604,15.0,0.19549231,0.2,2.4714081,3.0,100.22809,99.0
660,30.393368,25.0,39.604275,44.00000000000001,35.708954,38.0,0.67954075,0.7,3.046413,3.0,136.56508,140.0
661,22.654207,24.0,71.297455,72.0,24.644876,24.0,0.3607704,0.4,4.675531,4.0,113.33508,114.99999999999999
662,12.906137,11.0,47.44315,42.0,24.725164,20.0,0.21137592,0.3,2.2620513,2.0,63.899567,65.0
663,75.52961,64.0,155.98593,157.0,58.42337,63.0,1.0344148,1.1,5.177039,4.0,138.45815,143.0
664,7.9814253,7.0,48.77409,46.0,16.268038,14.0,0.20873448,0.3,4.836393,4.0,71.140015,71.0
665,7.5978265,4.0,12.356064,14.0,13.674461,8.0,0.08396825,0.2,2.1861944,3.0,61.83556,63.0
666,24.028559,26.0,51.094902,48.0,37.719967,38.99999999999999,0.53266543,0.5,3.627709,3.0,42.24019,40.0
667,27.641582,24.0,46.389194,50.00000000000001,35.03831,37.0,0.6262922,0.6,4.814635,5.0,133.76549,137.0
668,47.337967,50.0,72.890976,71.0,42.710575,44.0,0.7447813,0.7,5.119796,5.0,45.700066,45.0
669,58.608776,62.99999999999999,137.31804,129.0,41.04716,44.0,0.68154913,0.6,8.513313,8.0,109.148575,111.0
670,147.2056,165.0,207.91588,189.0,72.37442,72.0,1.9302945,1.8,18.109371,18.0,53.91794,52.0
671,124.93054,132.0,145.97432,137.0,67.754776,69.0,1.7294648,1.6,5.4909286,6.0,31.424286,34.0
672,31.504232,35.0,57.39172,51.0,32.214928,30.0,0.6279366,0.7,8.352755,8.0,67.06609,67.0
673,11.702792,7.0,12.902514,17.0,11.885923,5.0,0.20340927,0.3,2.5826352,3.0,10.514246,0.0
674,6.953743,11.0,41.340847,38.0,11.731349,9.0,0.19543032,0.2,1.9361525,2.0,90.15773,88.99999999999999
675,9.916203,11.0,51.257862,48.99999999999999,22.241308,18.0,0.24569342,0.4,4.6072354,4.0,76.4569,75.0
676,93.940025,91.0,104.16647,104.0,37.24248,34.0,1.0608348,1.2,4.956474,5.0,213.78354,210.0
677,19.919188,17.0,43.572052,44.00000000000001,27.4099,28.0,0.47300905,0.5,2.993296,3.0,110.855354,113.0
678,66.6627,65.0,108.80064,107.0,55.94088,58.99999999999999,1.1888293,1.2,8.84802,8.0,50.656742,53.99999999999999
679,53.694942,55.0,37.93662,32.0,45.74414,47.0,0.9928881,1.0,3.001557,3.0,31.238903,30.0
680,25.556633,22.0,35.67275,32.0,15.130608,13.000000000000002,0.70724,0.9,3.4681246,3.0,98.849464,98.0
681,25.593336,28.0,65.37505,60.99999999999999,15.860938,15.0,0.50119996,0.5,3.231772,3.0,127.63854,126.99999999999999
682,60.40926,61.0,95.82618,94.0,41.649014,42.00000000000001,0.8123851,0.8,5.0617166,5.0,162.8956,164.0
683,409.4105,364.0,323.28033,389.0,162.4807,153.0,6.6750016,7.5,20.73618,19.0,13.671194,13.0
684,32.622864,33.0,75.9477,75.0,25.94493,27.0,0.47574487,0.5,3.5487123,3.0,186.67781,187.0
685,78.25604,81.0,126.2723,118.0,56.13014,58.99999999999999,1.3080434,1.3,20.191267,20.0,102.48028,105.0
686,37.66821,34.0,60.01646,54.0,16.68554,17.0,0.5390916,0.6,2.1913314,2.0,124.499435,125.0
687,61.177334,58.0,91.89582,95.0,32.25398,31.0,0.73256767,0.8,2.2715528,2.0,179.98714,180.0
688,6.679453,10.0,33.136135,28.0,19.296747,21.000000000000004,0.38527966,0.3,3.08771,3.0,139.34366,139.0
689,13.927834,16.0,31.088614,26.0,12.59205,11.0,0.42198926,0.4,3.1696389,3.0,112.15692,113.0
690,-1.9274971,0.0,15.330345,0.0,32.678905,33.0,0.49420887,0.6,4.3552947,4.0,76.08986,75.0
691,53.04249,59.0,87.345825,78.0,45.441715,48.99999999999999,0.8318534,0.7,5.121867,5.0,76.27729,79.0
692,41.77362,44.0,46.979073,42.0,19.187304,20.0,0.6547057,0.6,2.9175699,3.0,169.24332,169.0
693,18.752434,18.0,35.40216,37.0,17.353998,20.0,0.47770482,0.4,2.502077,2.0,217.23427,215.99999999999997
694,76.0653,87.0,12.14757,0.0,53.00572,54.0,1.540169,1.4,4.387349,6.0,26.942049,26.999999999999996
695,58.921577,53.0,85.64124,88.00000000000001,30.10948,32.0,0.76021814,0.8,5.4773703,5.0,186.57324,187.0
696,42.127056,38.0,161.75522,163.0,22.618782,20.0,0.26059508,0.4,4.3865285,3.0,90.242,91.0
697,84.89294,87.0,131.30496,123.0,44.498974,48.0,0.93725955,0.8,7.072624,7.0,93.25789,98.0
698,17.838198,14.0,28.366045,23.0,14.123788,14.0,0.47017953,0.5,3.0880647,3.0,85.124725,87.0
699,113.51624,116.0,116.817154,109.0,48.34299,46.0,1.6022754,1.7,14.026078,14.0,77.31954,80.0
700,55.45004,57.0,74.10226,73.0,38.412125,38.99999999999999,0.72596914,0.7,2.2728012,2.0,53.1586,53.99999999999999
701,83.79312,77.0,69.010216,72.0,33.09741,31.0,1.0907091,1.3,3.9578757,4.0,180.44348,180.0
702,51.371872,42.0,80.66008,84.0,47.947063,52.00000000000001,0.9585296,1.0,11.2763195,11.0,219.24014,219.0
703,30.901274,29.0,85.44867,92.99999999999999,26.92741,25.0,0.3308174,0.4,3.4595118,3.0,53.252777,53.0
704,190.14548,180.0,197.36044,203.0,94.97504,95.0,2.9326835,3.1,5.516036,5.0,31.002642,36.0
705,29.024273,29.0,47.204678,44.00000000000001,13.36901,14.0,0.42784145,0.4,3.0689926,3.0,160.8404,162.0
706,6.9166775,9.0,32.805134,25.000000000000004,25.817019,29.0,0.47780803,0.4,3.3271089,3.0,69.266754,70.0
707,2.098258,8.0,35.400917,29.0,22.604506,23.0,0.28879875,0.3,3.2030785,2.0,79.297516,78.0
708,104.820526,133.0,17.568796,0.0,37.693382,33.0,1.3708363,1.1,-0.33140594,2.0,154.84648,151.0
709,57.6757,55.0,81.78708,82.0,43.29679,46.0,0.97807264,1.0,6.4323096,6.0,145.25967,146.0
710,55.52496,58.0,80.07,75.0,51.149075,53.0,1.1719711,1.2,12.328662,12.0,41.440918,41.0
711,38.451344,34.0,39.812176,40.0,41.179863,45.0,0.83378756,0.8,2.1034265,2.0,73.92763,78.0
712,27.142267,23.0,46.73188,52.0,30.004606,30.0,0.52800536,0.6,2.2465484,2.0,150.17685,152.0
713,49.382763,54.0,115.65774,108.0,46.379105,48.99999999999999,0.6938594,0.6,10.784305,11.0,113.4178,114.99999999999999
714,10.895071,11.0,21.46976,16.0,24.386192,22.0,0.50083077,0.6,9.638029,10.0,53.341866,51.0
715,16.907324,28.0,10.517612,0.0,20.731554,19.0,0.4081824,0.3,2.3581934,3.0,92.56491,92.0
716,19.737206,15.0,35.30534,31.0,26.17761,24.0,0.57535607,0.7,2.1154804,2.0,45.614773,45.0
717,29.959358,27.0,55.121643,60.0,28.756897,29.0,0.54762965,0.6,3.4053147,3.0,182.27902,183.0
718,31.475204,30.0,78.472755,77.0,41.62338,42.00000000000001,0.6511767,0.7,5.363618,5.0,61.770893,63.0
719,20.368565,23.0,53.720493,48.0,37.72833,36.0,0.37202904,0.4,1.5444002,2.0,49.73045,47.0
720,101.89234,108.0,181.06017,174.0,56.77984,55.0,1.1215035,1.2,8.24333,8.0,93.07413,93.0
721,20.832735,24.0,45.886852,42.99999999999999,29.940012,32.0,0.51845396,0.4,2.7752056,3.0,86.12243,87.0
722,18.794884,22.0,56.15455,48.99999999999999,16.523352,16.0,0.35919797,0.3,2.8041587,3.0,115.348465,114.99999999999999
723,38.133537,35.0,66.72133,71.0,50.79442,55.0,0.8336407,0.8,5.711293,5.0,20.191927,17.0
724,39.302784,43.0,6.8256893,0.0,36.68956,38.99999999999999,0.9121349,0.8,1.5608134,2.0,32.99697,33.0
725,21.734144,19.0,37.213547,40.0,26.235733,30.0,0.5760006,0.5,2.7412076,2.0,144.68658,150.0
726,21.91171,21.0,55.916374,46.0,32.97106,32.0,0.43952823,0.5,1.938872,2.0,57.02766,56.0
727,35.04442,37.0,69.02654,71.0,40.79543,41.0,0.6089886,0.6,3.4267604,3.0,25.036737,20.0
728,125.3362,131.0,173.67374,166.0,89.22596,92.0,2.4582999,2.3,68.349686,68.0,36.362736,38.0
729,86.99946,82.0,105.03089,108.0,75.74916,74.0,2.270665,2.4,67.41877,68.0,24.155252,24.000000000000004
730,34.63721,41.0,38.40248,33.0,33.38015,35.0,0.6098401,0.5,2.7458346,3.0,83.11381,84.00000000000001
731,85.3949,86.0,133.80371,129.0,56.335316,57.0,1.2088622,1.2,15.436753,16.0,81.90612,85.0
732,25.810492,28.0,75.94389,75.0,37.870583,41.0,0.4625057,0.4,5.4788923,5.0,139.28424,142.0
733,10.623123,16.0,33.56526,21.0,36.12012,34.0,0.619295,0.6,17.570324,19.0,44.240658,40.0
734,-0.011742175,5.0,21.84405,16.0,18.95374,13.000000000000002,0.112376824,0.2,1.2847971,2.0,65.599785,63.0
735,17.685356,18.0,51.09557,47.0,43.237362,48.0,0.5870072,0.5,3.3597963,3.0,68.32419,70.0
736,16.798428,14.0,32.71656,38.0,19.10246,19.0,0.36430904,0.4,3.4426215,3.0,57.459312,58.0
